# MB_2m_NZGD2000_NZTM_OD - Mean
# Coordinate Projection: NZTM
# Attribute Unit: m
# Z-axis convention: Up is positive
# Distance Unit: m
# Start Location: 1354274.486 4853818.295
# End Location: 1366871.531 4866589.776
# Format: Distance    Attribute
        0.00        91.47
        5.00        90.62
       10.01        90.06
       15.01        90.07
       20.01        90.10
       25.02        90.08
       30.02        90.04
       35.02        89.96
       40.03        89.91
       45.03        89.77
       50.03        89.57
       55.04        89.45
       60.04        89.40
       65.04        89.31
       70.04        89.08
       75.05        90.45
       80.05        89.13
       85.05        90.18
       90.06        88.86
       95.06        91.45
      100.06        90.57
      105.07        89.47
      110.07        90.72
      115.07        89.69
      120.08        91.10
      125.08        90.02
      130.08        90.29
      135.09        90.77
      140.09        91.02
      145.09        90.66
      150.10        89.54
      155.10        89.72
      160.10        89.69
      165.11        90.86
      170.11        89.57
      172.46        90.39
      177.46        90.69
      182.46        89.63
      187.47        88.77
      192.47        89.10
      197.47        88.99
      202.48        89.19
      207.48        88.85
      212.48        89.08
      217.49        89.87
      222.49        88.85
      227.49        88.31
      232.50        88.25
      237.50        88.19
      242.50        88.03
      247.51        88.21
      252.51        89.13
      257.51        89.44
      262.52        89.25
      267.52        89.04
      272.52        88.85
      277.53        87.80
      282.53        87.78
      287.53        87.86
      292.54        87.85
      297.54        87.84
      302.54        87.41
      307.54        87.54
      312.55        87.07
      317.55        87.55
      322.55        87.20
      327.56        87.20
      332.56        87.98
      336.40        88.06
      341.41        87.86
      346.41        87.76
      351.41        87.39
      356.42        87.41
      361.42        87.26
      366.42        87.18
      371.43        87.13
      376.43        88.10
      381.43        86.65
      386.44        86.52
      391.44        86.50
      396.44        86.42
      401.44        86.65
      406.45        86.36
      411.45        87.28
      416.45        87.74
      421.46        86.23
      426.46        85.60
      431.46        86.71
      436.47        86.03
      441.47        86.23
      446.47        85.91
      451.48        85.80
      456.48        85.63
      461.48        85.70
      466.49        85.70
      471.49        85.76
      476.49        85.77
      481.50        85.75
      486.50        85.77
      491.50        85.73
      496.51        85.69
      501.51        85.65
      503.17        85.65
      508.17        85.60
      513.18        85.50
      518.18        85.38
      523.18        85.47
      528.19        85.51
      533.19        85.44
      538.19        85.32
      543.20        85.23
      548.20        85.05
      553.20        84.57
      558.20        84.35
      563.21        86.54
      568.21        86.07
      573.21        86.25
      578.22        86.94
      583.22        85.57
      588.22        85.25
      593.23        86.17
      598.23        85.80
      603.23        85.64
      608.24        86.29
      613.24        84.69
      618.24        84.52
      623.25        83.89
      628.25        85.30
      633.25        85.69
      638.26        86.41
      643.26        86.16
      648.26        84.63
      653.27        84.12
      658.27        84.18
      663.27        84.19
      668.27        84.18
      673.28        84.16
      674.73        84.13
      679.74        84.12
      684.74        84.13
      689.74        84.18
      694.75        84.26
      699.75        84.29
      704.75        84.34
      709.76        84.35
      714.76        84.37
      719.76        84.36
      724.77        84.37
      729.77        84.35
      734.77        84.35
      739.77        84.35
      744.78        84.32
      749.78        84.36
      754.78        84.33
      759.79        84.34
      764.79        84.33
      769.79        84.31
      774.80        84.23
      779.80        84.14
      784.80        84.15
      789.81        84.51
      794.81        84.18
      799.81        83.88
      804.82        84.41
      809.82        84.41
      814.82        85.09
      819.83        85.16
      824.83        85.17
      829.83        84.52
      834.84        84.82
      839.84        85.52
      844.84        85.42
      849.84        85.75
      854.85        85.11
      859.85        83.95
      864.85        84.39
      869.86        85.60
      874.86        85.43
      879.86        85.73
      884.87        85.38
      889.87        85.62
      894.87        85.37
      899.88        84.86
      904.88        84.20
      909.88        85.23
      914.89        85.30
      919.89        84.84
      924.89        84.55
      929.90        83.19
      934.90        83.14
      939.90        83.15
      944.91        82.89
      949.91        82.87
      954.91        82.97
      959.91        83.21
      964.92        83.25
      969.92        83.30
      974.92        83.34
      979.93        83.37
      984.93        83.37
      989.60        83.38
      994.60        83.39
      999.60        83.39
     1004.61        83.39
     1009.61        83.41
     1014.61        83.40
     1019.62        83.40
     1024.62        83.42
     1029.62        83.41
     1034.62        83.43
     1039.63        83.44
     1044.63        83.44
     1049.63        83.43
     1054.64        83.42
     1059.64        83.41
     1064.64        83.43
     1069.65        83.43
     1074.65        83.44
     1079.65        83.44
     1084.66        83.45
     1089.66        83.44
     1094.66        83.46
     1099.67        83.47
     1104.67        83.45
     1109.67        83.45
     1114.68        83.44
     1119.68        83.43
     1124.68        83.46
     1129.69        83.45
     1134.69        83.47
     1139.69        83.47
     1144.69        83.47
     1149.70        83.49
     1154.70        83.48
     1159.70        83.48
     1164.71        83.49
     1169.71        83.50
     1174.71        83.50
     1179.72        83.51
     1184.72        83.50
     1189.72        83.52
     1194.73        83.52
     1199.73        83.53
     1204.73        83.54
     1209.74        83.54
     1214.74        83.55
     1219.74        83.55
     1224.75        83.56
     1229.75        83.56
     1234.75        83.54
     1239.76        83.52
     1244.76        83.50
     1249.76        83.48
     1254.76        83.47
     1259.77        83.46
     1264.77        83.45
     1269.77        83.45
     1274.78        83.45
     1279.78        83.44
     1284.78        83.42
     1289.79        83.42
     1294.79        83.42
     1299.79        83.38
     1304.80        83.32
     1309.80        83.23
     1314.80        83.16
     1319.81        83.33
     1324.81        82.86
     1329.81        82.91
     1334.82        82.94
     1339.82        83.10
     1344.82        83.47
     1349.83        82.53
     1354.83        83.52
     1359.83        82.97
     1364.83        83.05
     1369.84        83.12
     1374.84        83.13
     1379.84        83.12
     1384.85        83.17
     1389.85        83.12
     1394.85        83.12
     1399.86        83.11
     1404.86        83.09
     1409.86        83.09
     1414.87        83.07
     1419.87        83.05
     1424.87        83.07
     1429.88        83.07
     1434.88        83.08
     1439.88        83.08
     1444.89        83.09
     1449.89        83.07
     1454.89        83.07
     1459.89        83.05
     1464.90        83.06
     1469.90        83.06
     1474.90        83.06
     1479.91        83.07
     1484.91        83.08
     1489.91        83.08
     1494.92        83.09
     1499.92        83.08
     1504.92        83.07
     1509.93        83.07
     1514.93        83.05
     1519.93        83.05
     1524.94        83.05
     1526.20        83.05
     1531.21        83.05
     1536.21        83.07
     1541.21        83.06
     1546.22        83.06
     1551.22        83.07
     1556.22        83.06
     1561.23        83.07
     1566.23        83.07
     1571.23        83.07
     1576.23        83.07
     1581.24        83.07
     1586.24        83.07
     1591.24        83.08
     1596.25        83.09
     1601.25        83.08
     1606.25        83.07
     1611.26        83.09
     1616.26        83.10
     1621.26        83.08
     1626.27        83.07
     1631.27        83.06
     1636.27        83.09
     1641.28        83.09
     1646.28        83.10
     1651.28        83.09
     1656.29        83.08
     1661.29        83.08
     1666.29        83.09
     1671.29        83.09
     1676.30        83.08
     1681.30        83.09
     1686.30        83.08
     1691.31        83.09
     1696.31        83.06
     1701.31        83.09
     1706.32        83.07
     1711.32        83.10
     1716.32        83.09
     1721.33        83.08
     1726.33        83.12
     1731.33        83.12
     1736.34        83.13
     1741.34        83.14
     1746.34        83.13
     1751.35        83.10
     1756.35        83.08
     1761.35        83.11
     1766.36        83.13
     1771.36        83.14
     1776.36        83.11
     1781.36        83.12
     1786.37        83.16
     1791.37        83.12
     1796.37        83.11
     1801.38        83.12
     1806.38        83.20
     1810.32        83.23
     1815.32        83.23
     1820.32        83.20
     1825.33        83.24
     1830.33        83.24
     1835.33        83.20
     1840.34        83.31
     1845.34        83.29
     1850.34        83.25
     1855.34        83.28
     1860.35        83.25
     1865.35        83.28
     1870.35        83.28
     1875.36        83.29
     1880.36        83.27
     1885.36        83.27
     1890.37        83.27
     1895.37        83.30
     1900.37        83.32
     1905.38        83.28
     1910.38        83.26
     1914.66        83.28
     1919.66        83.26
     1924.67        83.32
     1929.67        83.24
     1934.67        83.30
     1939.68        83.31
     1944.68        83.31
     1949.68        83.28
     1954.69        83.24
     1959.69        83.28
     1964.69        83.26
     1969.70        83.30
     1974.70        83.25
     1979.70        83.26
     1984.71        83.27
     1989.71        83.33
     1994.71        83.24
     1999.71        83.24
     2004.72        83.21
     2009.72        83.24
     2014.72        83.28
     2019.73        83.29
     2024.73        83.27
     2029.73        83.26
     2034.74        83.27
     2039.74        83.26
     2044.74        83.20
     2049.75        83.20
     2054.75        83.26
     2059.75        83.31
     2064.76        83.26
     2069.76        83.31
     2074.76        83.20
     2079.77        83.28
     2084.77        83.30
     2089.77        83.24
     2094.77        83.28
     2099.78        83.24
     2104.78        83.28
     2109.78        83.27
     2114.79        83.27
     2119.79        83.31
     2124.79        83.27
     2129.80        83.15
     2134.80        83.22
     2139.80        83.29
     2144.81        83.22
     2149.81        83.16
     2154.81        83.26
     2159.82        83.23
     2164.82        83.22
     2169.82        83.20
     2174.83        83.27
     2179.83        83.29
     2184.83        83.24
     2187.60        83.19
     2192.61        83.24
     2197.61        83.26
     2202.61        83.22
     2207.61        83.20
     2212.62        83.27
     2217.62        83.22
     2222.62        83.24
     2227.63        83.26
     2232.63        83.24
     2237.63        83.15
     2242.64        83.18
     2247.64        83.15
     2252.64        83.17
     2257.65        83.16
     2262.65        83.10
     2267.65        83.19
     2272.66        83.16
     2277.66        83.09
     2282.66        83.21
     2287.67        83.20
     2292.67        83.19
     2297.67        83.14
     2302.68        83.10
     2307.68        83.21
     2312.68        83.19
     2317.68        83.20
     2322.69        83.24
     2327.69        83.26
     2332.69        83.25
     2337.70        83.25
     2342.70        83.23
     2347.70        83.20
     2352.71        83.21
     2357.71        83.20
     2362.71        83.14
     2367.72        83.21
     2372.72        83.15
     2377.72        83.15
     2382.73        83.23
     2387.73        83.18
     2392.73        83.19
     2397.74        83.31
     2402.74        83.30
     2407.74        83.23
     2412.74        83.27
     2417.75        83.20
     2422.75        83.22
     2427.75        83.20
     2432.76        83.29
     2437.76        83.32
     2442.76        83.31
     2447.77        83.23
     2452.77        83.28
     2457.77        83.26
     2462.78        83.23
     2467.78        83.31
     2472.78        83.29
     2477.79        83.30
     2482.79        83.26
     2487.79        83.26
     2492.80        83.29
     2497.80        83.29
     2502.80        83.30
     2507.80        83.31
     2512.81        83.31
     2517.81        83.28
     2522.81        83.31
     2527.82        83.32
     2532.82        83.29
     2537.82        83.30
     2542.83        83.29
     2547.83        83.32
     2552.83        83.28
     2557.84        83.31
     2562.84        83.30
     2567.84        83.24
     2572.85        83.25
     2577.85        83.28
     2582.85        83.25
     2587.86        83.26
     2592.86        83.27
     2597.86        83.33
     2602.86        83.21
     2607.87        83.32
     2612.87        83.31
     2617.87        83.24
     2622.88        83.22
     2627.88        83.22
     2632.88        83.25
     2637.89        83.23
     2642.89        83.24
     2647.89        83.27
     2652.90        83.27
     2657.90        83.27
     2662.90        83.22
     2667.91        83.25
     2672.91        83.20
     2677.91        83.24
     2682.92        83.25
     2687.92        83.24
     2692.92        83.26
     2697.92        83.24
     2702.93        83.23
     2707.93        83.26
     2712.93        83.26
     2717.94        83.26
     2722.94        83.26
     2727.94        83.25
     2732.95        83.25
     2737.95        83.17
     2742.95        83.27
     2747.96        83.25
     2752.96        83.23
     2757.96        83.28
     2762.97        83.20
     2767.97        83.22
     2772.97        83.22
     2777.98        83.25
     2782.98        83.23
     2787.98        83.27
     2792.98        83.28
     2797.99        83.25
     2802.99        83.19
     2807.99        83.22
     2813.00        83.16
     2818.00        83.25
     2823.00        83.26
     2828.01        83.24
     2833.01        83.23
     2838.01        83.23
     2843.02        83.23
     2848.02        83.22
     2853.02        83.23
     2858.03        83.18
     2863.03        83.17
     2868.03        83.23
     2873.03        83.13
     2878.04        83.22
     2883.04        83.22
     2888.04        83.24
     2893.05        83.21
     2898.05        83.21
     2903.05        83.23
     2908.06        83.22
     2913.06        83.23
     2918.06        83.23
     2923.07        83.22
     2928.07        83.22
     2933.07        83.24
     2938.08        83.23
     2943.08        83.23
     2948.08        83.23
     2953.09        83.22
     2958.09        83.21
     2963.09        83.24
     2968.09        83.26
     2973.10        83.26
     2978.10        83.23
     2983.10        83.24
     2988.11        83.24
     2993.11        83.22
     2998.11        83.22
     3003.12        83.25
     3008.12        83.26
     3013.12        83.26
     3018.13        83.27
     3023.13        83.24
     3028.13        83.23
     3033.14        83.22
     3038.14        83.23
     3043.14        83.25
     3048.15        83.25
     3053.15        83.26
     3058.15        83.24
     3063.15        83.23
     3068.16        83.24
     3073.16        83.26
     3078.16        83.24
     3083.17        83.24
     3088.17        83.22
     3093.17        83.21
     3098.18        83.20
     3098.73        83.19
     3103.73        83.22
     3108.73        83.23
     3113.74        83.24
     3118.74        83.26
     3123.74        83.26
     3128.75        83.27
     3133.75        83.26
     3138.75        83.26
     3143.76        83.26
     3148.76        83.25
     3153.76        83.23
     3158.76        83.23
     3163.77        83.23
     3168.77        83.24
     3173.77        83.26
     3178.78        83.26
     3183.78        83.25
     3188.78        83.28
     3193.79        83.26
     3198.79        83.25
     3203.79        83.23
     3208.80        83.23
     3213.80        83.23
     3218.80        83.24
     3223.81        83.23
     3228.81        83.23
     3233.81        83.23
     3238.81        83.25
     3243.82        83.24
     3248.82        83.26
     3253.82        83.24
     3258.83        83.21
     3263.83        83.17
     3268.83        83.22
     3273.84        83.23
     3278.84        83.22
     3283.84        83.22
     3288.85        83.23
     3293.85        83.23
     3298.85        83.23
     3303.86        83.24
     3308.86        83.23
     3313.86        83.22
     3318.87        83.22
     3323.87        83.22
     3328.87        83.21
     3333.87        83.22
     3338.88        83.22
     3343.88        83.23
     3348.88        83.22
     3353.89        83.25
     3358.89        83.23
     3363.89        83.17
     3368.90        83.21
     3373.90        83.18
     3378.90        83.18
     3383.91        83.25
     3388.91        83.17
     3393.91        83.23
     3398.92        83.19
     3403.92        83.21
     3408.92        83.23
     3413.93        83.24
     3418.93        83.23
     3423.93        83.24
     3428.93        83.24
     3433.94        83.24
     3438.94        83.20
     3443.94        83.23
     3448.95        83.22
     3453.95        83.27
     3458.95        83.26
     3463.96        83.27
     3468.96        83.26
     3473.96        83.24
     3478.97        83.22
     3483.97        83.22
     3488.97        83.24
     3493.98        83.22
     3498.98        83.22
     3503.98        83.21
     3508.98        83.22
     3513.99        83.21
     3518.99        83.27
     3523.99        83.23
     3529.00        83.20
     3534.00        83.24
     3539.00        83.19
     3544.01        83.23
     3549.01        83.15
     3554.01        83.13
     3559.02        83.20
     3564.02        83.19
     3569.02        83.22
     3574.03        83.23
     3579.03        83.21
     3584.03        83.18
     3589.04        83.22
     3594.04        83.20
     3599.04        83.20
     3604.04        83.20
     3609.05        83.13
     3614.05        83.20
     3619.05        83.14
     3624.06        83.21
     3629.06        83.18
     3634.06        83.12
     3639.07        83.19
     3644.07        83.21
     3649.07        83.19
     3654.08        83.19
     3659.08        83.18
     3664.08        83.15
     3669.09        83.12
     3674.09        83.17
     3679.09        83.20
     3684.09        83.19
     3689.10        83.14
     3694.10        83.12
     3699.10        83.14
     3704.11        83.18
     3709.11        83.16
     3714.11        83.17
     3719.12        83.15
     3724.12        83.18
     3729.12        83.13
     3734.13        83.15
     3739.13        83.16
     3744.13        83.15
     3749.14        83.15
     3754.14        83.15
     3759.14        83.15
     3764.15        83.16
     3769.15        83.16
     3774.15        83.17
     3779.15        83.10
     3784.16        83.15
     3789.16        83.11
     3794.16        83.14
     3799.17        83.09
     3804.17        83.11
     3809.17        83.09
     3814.18        83.17
     3819.18        83.19
     3824.18        83.17
     3829.19        83.15
     3834.19        83.14
     3839.19        83.15
     3844.20        83.03
     3849.20        83.15
     3854.20        83.11
     3859.20        83.19
     3864.21        83.17
     3869.21        83.17
     3874.21        83.21
     3879.22        83.16
     3884.22        83.19
     3889.22        83.18
     3894.23        83.12
     3899.23        83.13
     3904.23        83.16
     3909.24        83.14
     3914.24        83.22
     3919.24        83.14
     3924.25        83.12
     3929.25        83.17
     3934.25        83.11
     3939.26        83.07
     3944.26        83.14
     3949.26        83.18
     3954.26        83.10
     3959.27        83.19
     3964.27        83.09
     3969.27        83.11
     3974.28        83.20
     3979.28        83.16
     3982.90        83.16
     3987.91        83.22
     3992.91        83.17
     3997.91        83.18
     4002.92        83.20
     4007.92        83.13
     4012.92        83.11
     4017.93        83.15
     4022.93        83.12
     4027.93        83.13
     4032.94        83.18
     4037.94        83.20
     4042.94        83.20
     4047.94        83.12
     4052.95        83.15
     4057.95        83.19
     4062.95        83.13
     4067.96        83.22
     4072.96        83.17
     4077.96        83.12
     4082.97        83.19
     4087.97        83.18
     4092.97        83.16
     4097.98        83.18
     4102.98        83.09
     4107.98        83.17
     4112.99        83.06
     4117.99        83.19
     4122.99        83.16
     4127.99        83.14
     4133.00        83.17
     4138.00        83.16
     4143.00        83.18
     4148.01        83.20
     4153.01        83.20
     4158.01        83.15
     4163.02        83.13
     4168.02        83.15
     4173.02        83.20
     4178.03        83.24
     4183.03        83.22
     4188.03        83.18
     4193.04        83.20
     4198.04        83.16
     4203.04        83.13
     4208.04        83.19
     4213.05        83.17
     4218.05        83.18
     4223.05        83.21
     4228.06        83.18
     4233.06        83.20
     4238.06        83.20
     4243.07        83.21
     4248.07        83.24
     4253.07        83.22
     4258.08        83.21
     4263.08        83.20
     4268.08        83.13
     4273.09        83.12
     4274.79        83.15
     4279.80        83.14
     4284.80        83.10
     4289.80        83.18
     4294.81        83.17
     4299.81        83.26
     4304.81        83.20
     4309.82        83.20
     4314.82        83.20
     4319.82        83.18
     4324.83        83.12
     4329.83        83.17
     4334.83        83.18
     4339.84        83.24
     4344.84        83.19
     4349.84        83.22
     4354.85        83.20
     4359.85        83.17
     4364.85        83.17
     4369.85        83.18
     4374.86        83.15
     4379.86        83.17
     4384.86        83.17
     4389.87        83.20
     4394.87        83.15
     4399.87        83.24
     4404.88        83.23
     4409.88        83.23
     4414.88        83.23
     4419.89        83.21
     4424.89        83.23
     4429.89        83.25
     4434.90        83.23
     4439.90        83.15
     4444.90        83.11
     4449.90        83.12
     4454.91        83.14
     4459.91        83.19
     4464.91        83.20
     4469.92        83.17
     4474.92        83.21
     4479.92        83.21
     4484.93        83.16
     4489.93        83.12
     4494.93        83.21
     4499.94        83.18
     4504.94        83.19
     4509.94        83.16
     4514.95        83.16
     4519.95        83.16
     4524.95        83.22
     4529.95        83.21
     4534.96        83.19
     4539.96        83.15
     4544.96        83.16
     4549.97        83.18
     4554.97        83.14
     4558.17        83.16
     4563.17        83.13
     4568.18        83.17
     4573.18        83.18
     4578.18        83.14
     4583.18        83.16
     4588.19        83.16
     4593.19        83.18
     4598.19        83.10
     4603.20        83.13
     4608.20        83.10
     4613.20        83.10
     4618.21        83.10
     4623.21        83.11
     4628.21        83.06
     4633.22        83.08
     4638.22        83.09
     4643.22        83.05
     4648.23        83.13
     4653.23        83.09
     4658.23        83.09
     4663.23        83.10
     4668.24        83.13
     4673.24        83.14
     4678.24        83.06
     4683.25        83.07
     4688.25        83.05
     4693.25        83.12
     4698.26        83.13
     4703.26        83.12
     4708.26        83.11
     4713.27        83.15
     4718.27        83.13
     4723.27        83.13
     4728.28        83.08
     4733.28        83.10
     4738.28        83.12
     4743.28        83.10
     4748.29        83.10
     4753.29        83.07
     4758.29        83.11
     4763.30        83.08
     4768.30        83.12
     4773.30        83.12
     4778.31        83.14
     4783.31        83.10
     4788.31        83.06
     4793.32        83.07
     4798.32        83.10
     4803.32        83.10
     4808.33        83.12
     4813.33        83.12
     4818.33        83.15
     4820.59        83.13
     4825.59        83.14
     4830.59        83.10
     4835.60        83.14
     4840.60        83.15
     4845.60        83.14
     4850.61        83.12
     4855.61        83.09
     4860.61        83.12
     4865.62        83.14
     4870.62        83.14
     4875.62        83.14
     4880.62        83.14
     4885.63        83.12
     4890.63        83.08
     4895.63        83.10
     4900.64        83.12
     4905.64        83.16
     4910.64        83.16
     4915.65        83.14
     4920.65        83.11
     4925.65        83.10
     4930.66        83.11
     4935.66        83.12
     4940.66        83.15
     4945.67        83.15
     4950.67        83.14
     4955.67        83.12
     4960.67        83.11
     4965.68        83.09
     4970.68        83.10
     4975.68        83.09
     4980.69        83.10
     4985.69        83.12
     4990.69        83.09
     4995.70        83.11
     5000.70        83.11
     5005.70        83.12
     5010.71        83.12
     5015.71        83.12
     5020.71        83.12
     5025.72        83.11
     5030.72        83.11
     5035.72        83.11
     5040.73        83.12
     5045.73        83.11
     5050.73        83.12
     5055.73        83.13
     5060.74        83.12
     5065.74        83.12
     5070.74        83.14
     5075.75        83.12
     5080.75        83.10
     5085.75        83.10
     5090.76        83.12
     5095.76        83.11
     5100.76        83.10
     5105.77        83.12
     5110.77        83.12
     5115.77        83.14
     5120.78        83.13
     5125.78        83.12
     5126.45        83.12
     5131.45        83.12
     5136.45        83.11
     5141.45        83.09
     5146.46        83.09
     5151.46        83.11
     5156.46        83.12
     5161.47        83.10
     5166.47        83.10
     5171.47        83.10
     5176.48        83.12
     5181.48        83.13
     5186.48        83.12
     5191.49        83.12
     5196.49        83.11
     5201.49        83.10
     5206.50        83.08
     5211.50        83.06
     5216.50        83.06
     5221.50        83.07
     5226.51        83.10
     5228.47        83.11
     5233.48        83.10
     5238.48        83.10
     5243.48        83.08
     5248.49        83.09
     5253.49        83.08
     5258.49        83.07
     5263.50        83.06
     5268.50        83.07
     5273.50        83.09
     5278.50        83.07
     5283.51        83.06
     5288.51        83.04
     5293.51        83.05
     5298.52        83.05
     5303.52        83.06
     5308.52        83.07
     5313.53        83.09
     5318.53        83.09
     5323.53        83.08
     5328.54        83.04
     5333.54        83.04
     5338.54        83.04
     5343.55        83.05
     5348.55        83.06
     5353.55        83.08
     5358.55        83.07
     5363.56        83.07
     5368.56        83.08
     5373.56        83.07
     5378.57        83.05
     5383.57        83.05
     5388.57        83.06
     5393.58        83.07
     5398.58        83.06
     5403.58        83.07
     5408.59        83.05
     5413.59        83.04
     5418.59        83.02
     5423.60        83.03
     5428.60        83.07
     5433.60        83.07
     5438.60        83.10
     5443.61        83.06
     5448.61        83.02
     5453.61        83.00
     5458.62        82.98
     5463.62        82.98
     5468.62        83.00
     5473.63        83.03
     5478.63        83.06
     5483.63        83.07
     5488.64        83.05
     5493.64        83.03
     5498.64        83.02
     5503.65        83.01
     5508.65        83.02
     5513.65        83.01
     5518.65        83.01
     5523.66        83.02
     5528.66        83.02
     5533.66        83.02
     5538.67        83.02
     5543.67        83.03
     5548.67        83.03
     5553.68        83.05
     5558.68        83.05
     5563.68        83.03
     5568.69        83.02
     5573.69        83.02
     5578.69        83.01
     5583.70        83.01
     5588.70        83.02
     5593.70        83.03
     5598.70        83.03
     5603.71        83.04
     5608.71        83.04
     5613.71        83.04
     5618.72        83.02
     5623.72        82.99
     5628.72        82.98
     5633.73        82.98
     5638.73        82.99
     5643.73        83.02
     5648.74        83.06
     5653.74        83.06
     5658.74        83.03
     5663.75        83.01
     5668.75        83.00
     5673.75        82.99
     5678.75        83.02
     5683.76        83.03
     5688.76        83.02
     5693.76        83.00
     5697.11        83.01
     5702.11        83.01
     5707.11        83.00
     5712.12        83.00
     5717.12        83.01
     5722.12        83.02
     5727.13        83.03
     5732.13        83.00
     5737.13        82.99
     5742.14        82.99
     5747.14        82.97
     5752.14        82.96
     5757.15        82.97
     5762.15        82.99
     5767.15        82.99
     5772.15        83.00
     5777.16        83.01
     5782.16        82.99
     5787.16        82.98
     5792.17        82.99
     5797.17        82.99
     5802.17        82.99
     5807.18        82.99
     5812.18        82.98
     5817.18        82.97
     5822.19        82.96
     5827.19        82.97
     5832.19        82.98
     5837.19        82.99
     5842.20        83.00
     5847.20        82.98
     5852.20        82.99
     5857.21        82.97
     5862.21        82.95
     5867.21        82.97
     5872.22        82.98
     5877.22        82.99
     5882.22        82.99
     5887.23        82.96
     5892.23        82.95
     5897.23        82.95
     5902.24        82.98
     5907.24        83.00
     5912.24        83.01
     5917.24        83.00
     5922.25        82.98
     5927.25        82.95
     5932.25        82.94
     5937.26        82.94
     5942.26        82.96
     5947.26        82.98
     5952.27        83.00
     5957.27        83.01
     5962.27        83.00
     5967.28        83.01
     5972.28        83.00
     5977.28        83.00
     5982.29        82.98
     5987.29        82.97
     5992.29        82.97
     5997.29        82.98
     6002.30        83.00
     6007.30        83.00
     6012.30        82.99
     6017.31        82.99
     6022.31        83.00
     6027.31        83.00
     6032.32        82.99
     6037.32        82.98
     6042.32        82.97
     6047.33        82.99
     6052.33        82.99
     6057.33        82.99
     6062.34        82.99
     6067.34        82.98
     6072.34        82.99
     6077.34        82.98
     6082.35        82.99
     6087.35        82.98
     6092.35        82.97
     6097.36        82.98
     6102.36        82.98
     6107.36        82.99
     6112.37        82.99
     6117.37        82.99
     6122.37        83.00
     6127.38        83.01
     6132.38        82.97
     6137.38        82.97
     6142.38        82.97
     6147.39        82.98
     6152.39        82.99
     6157.39        82.99
     6162.40        82.99
     6167.40        82.99
     6172.40        83.01
     6177.41        82.99
     6182.41        83.00
     6187.41        82.99
     6192.42        82.99
     6197.42        83.00
     6202.42        82.99
     6207.43        82.99
     6212.43        82.97
     6217.43        82.96
     6222.43        82.98
     6227.44        82.99
     6232.44        83.01
     6237.44        83.03
     6242.45        83.02
     6247.45        82.98
     6252.45        82.96
     6257.46        82.96
     6262.46        82.96
     6267.46        82.98
     6272.47        83.00
     6277.47        83.01
     6282.47        83.00
     6287.48        82.98
     6292.48        82.98
     6297.48        82.99
     6302.48        82.99
     6307.49        83.00
     6312.49        82.99
     6317.49        82.97
     6322.50        82.98
     6327.50        82.97
     6332.50        82.98
     6337.51        82.99
     6342.51        82.99
     6347.51        83.00
     6352.52        82.99
     6357.52        82.98
     6362.52        82.96
     6367.52        82.97
     6372.53        82.98
     6377.53        83.00
     6382.53        82.99
     6387.54        82.97
     6392.54        82.97
     6397.54        82.96
     6402.55        82.98
     6407.55        82.99
     6412.55        83.00
     6417.56        82.98
     6422.56        82.97
     6427.56        82.95
     6432.57        82.95
     6437.57        82.96
     6442.57        82.97
     6447.57        82.97
     6452.58        82.98
     6457.58        82.99
     6462.58        82.97
     6467.59        83.00
     6472.59        82.99
     6477.59        82.96
     6482.60        82.95
     6487.60        82.95
     6492.60        82.96
     6497.61        82.98
     6502.61        82.98
     6507.61        82.97
     6512.61        82.98
     6517.62        82.98
     6522.62        82.97
     6527.62        82.98
     6532.63        82.97
     6537.63        82.98
     6542.63        82.97
     6547.64        82.97
     6552.64        82.95
     6557.64        82.97
     6562.65        82.96
     6567.65        83.00
     6572.65        82.98
     6577.66        82.94
     6582.66        82.94
     6587.66        82.94
     6592.66        82.96
     6597.67        82.99
     6602.67        83.00
     6607.67        82.98
     6612.68        82.97
     6617.68        82.97
     6622.68        82.95
     6627.69        82.96
     6632.69        82.97
     6637.69        82.99
     6642.70        83.01
     6647.70        82.98
     6652.70        82.97
     6657.70        82.96
     6662.71        82.97
     6667.71        82.99
     6672.71        83.00
     6677.72        83.00
     6682.72        82.98
     6687.72        82.96
     6692.73        82.97
     6697.73        82.97
     6702.73        82.99
     6707.74        82.97
     6712.74        82.97
     6717.74        82.96
     6722.75        82.98
     6727.75        83.00
     6732.75        83.00
     6737.75        82.98
     6742.76        82.95
     6747.76        82.94
     6752.76        82.93
     6757.77        82.94
     6762.77        82.94
     6767.77        82.95
     6772.78        82.97
     6777.78        82.97
     6782.78        82.97
     6787.79        82.97
     6792.79        82.98
     6797.79        82.97
     6802.79        82.95
     6807.80        82.94
     6812.80        82.94
     6817.80        82.94
     6822.81        82.94
     6827.81        82.93
     6832.81        82.94
     6837.82        82.95
     6842.82        82.94
     6847.82        82.97
     6852.83        82.98
     6857.83        82.95
     6862.83        82.94
     6867.84        82.92
     6872.84        82.91
     6877.84        82.90
     6882.84        82.91
     6887.85        82.94
     6892.85        82.95
     6897.85        82.95
     6902.86        82.96
     6907.86        82.94
     6912.86        82.92
     6917.87        82.91
     6922.87        82.89
     6927.87        82.88
     6932.88        82.89
     6937.88        82.91
     6942.88        82.92
     6947.88        82.93
     6952.89        82.96
     6957.89        82.95
     6962.89        82.95
     6967.90        82.93
     6972.90        82.91
     6977.90        82.90
     6982.91        82.93
     6987.91        82.93
     6992.91        82.93
     6997.92        82.93
     7002.92        82.93
     7007.92        82.94
     7012.93        82.94
     7017.93        82.94
     7022.93        82.94
     7027.93        82.93
     7032.94        82.94
     7037.94        82.92
     7042.94        82.90
     7047.95        82.90
     7052.95        82.90
     7057.95        82.91
     7062.96        82.91
     7067.96        82.90
     7072.96        82.93
     7077.97        82.93
     7082.97        82.93
     7087.97        82.93
     7092.97        82.93
     7097.98        82.93
     7102.98        82.92
     7107.98        82.91
     7112.99        82.90
     7117.99        82.90
     7122.99        82.92
     7128.00        82.92
     7133.00        82.92
     7138.00        82.92
     7143.01        82.91
     7148.01        82.92
     7153.01        82.91
     7158.02        82.91
     7163.02        82.90
     7168.02        82.91
     7173.02        82.91
     7178.03        82.91
     7183.03        82.90
     7188.03        82.90
     7193.04        82.90
     7198.04        82.90
     7203.04        82.90
     7207.00        82.90
     7212.00        82.89
     7217.01        82.90
     7222.01        82.90
     7227.01        82.90
     7232.01        82.88
     7237.02        82.87
     7242.02        82.88
     7247.02        82.90
     7252.03        82.90
     7257.03        82.88
     7262.03        82.85
     7267.04        82.86
     7272.04        82.86
     7277.04        82.88
     7282.05        82.86
     7287.05        82.86
     7292.05        82.89
     7297.05        82.88
     7302.06        82.89
     7307.06        82.86
     7312.06        82.84
     7317.07        82.83
     7322.07        82.81
     7327.07        82.83
     7332.08        82.85
     7337.08        82.85
     7342.08        82.85
     7347.09        82.87
     7352.09        82.87
     7357.09        82.86
     7362.09        82.85
     7367.10        82.82
     7372.10        82.82
     7377.10        82.80
     7382.11        82.81
     7387.11        82.82
     7392.11        82.84
     7397.12        82.86
     7402.12        82.85
     7407.12        82.84
     7412.13        82.82
     7417.13        82.81
     7422.13        82.79
     7427.14        82.80
     7432.14        82.81
     7437.14        82.82
     7442.14        82.82
     7447.15        82.83
     7452.15        82.83
     7457.15        82.82
     7462.16        82.80
     7467.16        82.80
     7472.16        82.80
     7477.17        82.81
     7482.17        82.81
     7487.17        82.80
     7492.18        82.81
     7497.18        82.79
     7502.18        82.82
     7507.18        82.82
     7512.19        82.81
     7517.19        82.79
     7522.19        82.80
     7527.20        82.79
     7532.20        82.79
     7537.20        82.80
     7542.21        82.79
     7547.21        82.78
     7552.21        82.79
     7557.22        82.78
     7562.22        82.77
     7567.22        82.76
     7572.22        82.77
     7577.23        82.79
     7582.23        82.78
     7587.23        82.79
     7592.24        82.79
     7597.24        82.76
     7602.24        82.73
     7607.25        82.72
     7612.25        82.72
     7617.25        82.71
     7622.26        82.74
     7627.26        82.75
     7632.26        82.76
     7637.27        82.75
     7642.27        82.78
     7647.27        82.77
     7652.27        82.75
     7657.28        82.74
     7662.28        82.71
     7667.28        82.74
     7672.29        82.76
     7677.29        82.76
     7682.29        82.74
     7687.30        82.75
     7692.30        82.73
     7697.30        82.74
     7702.31        82.73
     7707.31        82.74
     7712.31        82.73
     7717.31        82.74
     7722.32        82.72
     7727.32        82.72
     7732.32        82.71
     7737.33        82.70
     7742.33        82.70
     7747.33        82.71
     7752.34        82.71
     7757.34        82.71
     7762.34        82.71
     7767.35        82.71
     7772.35        82.70
     7777.35        82.68
     7782.35        82.69
     7787.36        82.69
     7792.36        82.67
     7797.36        82.68
     7802.37        82.68
     7807.37        82.68
     7812.37        82.66
     7817.38        82.67
     7822.38        82.66
     7827.38        82.67
     7832.39        82.65
     7837.39        82.65
     7842.39        82.64
     7847.39        82.63
     7852.40        82.64
     7857.40        82.64
     7862.40        82.63
     7867.41        82.64
     7872.41        82.64
     7877.41        82.66
     7882.42        82.64
     7887.42        82.63
     7892.42        82.63
     7897.43        82.61
     7902.43        82.58
     7907.43        82.60
     7912.43        82.62
     7917.44        82.65
     7922.44        82.64
     7927.44        82.64
     7932.45        82.61
     7937.45        82.60
     7942.45        82.59
     7947.46        82.59
     7952.46        82.61
     7957.46        82.60
     7962.47        82.60
     7967.47        82.64
     7972.47        82.65
     7977.48        82.61
     7982.48        82.60
     7987.48        82.59
     7992.48        82.61
     7997.49        82.58
     8002.49        82.60
     8007.49        82.61
     8012.50        82.61
     8017.50        82.62
     8022.50        82.61
     8027.51        82.60
     8032.51        82.59
     8037.51        82.58
     8042.52        82.62
     8047.52        82.64
     8052.52        82.62
     8057.52        82.63
     8062.53        82.60
     8067.53        82.61
     8072.53        82.56
     8077.54        82.58
     8082.54        82.60
     8087.54        82.60
     8092.55        82.61
     8097.55        82.60
     8102.55        82.61
     8107.56        82.58
     8112.56        82.57
     8117.56        82.59
     8122.56        82.57
     8127.57        82.56
     8132.57        82.57
     8137.57        82.57
     8142.58        82.59
     8147.58        82.56
     8152.58        82.56
     8157.59        82.57
     8162.59        82.59
     8167.59        82.58
     8172.60        82.57
     8177.60        82.55
     8182.60        82.54
     8187.60        82.55
     8192.61        82.58
     8197.61        82.57
     8202.61        82.55
     8207.62        82.57
     8212.62        82.56
     8217.62        82.55
     8222.63        82.52
     8227.63        82.52
     8232.63        82.51
     8237.64        82.51
     8242.64        82.52
     8247.64        82.54
     8252.64        82.55
     8257.65        82.52
     8262.65        82.53
     8267.65        82.55
     8272.66        82.55
     8277.66        82.53
     8282.66        82.52
     8287.67        82.53
     8292.67        82.49
     8297.67        82.46
     8302.68        82.48
     8307.68        82.50
     8312.68        82.53
     8317.68        82.53
     8322.69        82.53
     8327.69        82.52
     8332.69        82.51
     8337.70        82.50
     8342.70        82.46
     8347.70        82.46
     8352.71        82.48
     8357.71        82.49
     8362.71        82.50
     8367.72        82.48
     8372.72        82.50
     8377.72        82.50
     8382.72        82.48
     8387.73        82.46
     8392.73        82.43
     8397.73        82.42
     8402.74        82.43
     8407.74        82.43
     8412.74        82.45
     8417.75        82.45
     8422.75        82.43
     8427.75        82.45
     8432.76        82.42
     8437.76        82.42
     8438.42        82.42
     8443.43        82.44
     8448.43        82.41
     8453.43        82.42
     8458.44        82.42
     8463.44        82.41
     8468.44        82.39
     8473.44        82.40
     8478.45        82.41
     8483.45        82.43
     8488.45        82.44
     8493.46        82.45
     8498.46        82.46
     8503.46        82.44
     8508.47        82.43
     8513.47        82.43
     8518.47        82.43
     8523.48        82.40
     8528.48        82.37
     8533.48        82.37
     8538.48        82.38
     8543.49        82.39
     8548.49        82.41
     8553.49        82.41
     8558.50        82.43
     8563.50        82.41
     8568.50        82.40
     8573.51        82.39
     8578.51        82.36
     8583.51        82.36
     8588.52        82.36
     8593.52        82.38
     8598.52        82.38
     8603.52        82.37
     8608.53        82.37
     8613.53        82.37
     8618.53        82.36
     8623.54        82.38
     8628.54        82.38
     8633.54        82.36
     8638.55        82.36
     8643.55        82.34
     8648.55        82.36
     8653.56        82.33
     8658.56        82.32
     8663.56        82.32
     8668.56        82.32
     8673.57        82.35
     8678.57        82.35
     8683.57        82.35
     8688.58        82.34
     8693.58        82.32
     8698.58        82.31
     8703.59        82.30
     8708.59        82.28
     8713.59        82.28
     8718.60        82.29
     8723.60        82.29
     8728.60        82.29
     8733.60        82.30
     8738.61        82.32
     8743.61        82.27
     8748.61        82.25
     8753.62        82.25
     8758.62        82.27
     8763.62        82.27
     8768.63        82.26
     8773.63        82.24
     8778.63        82.25
     8783.64        82.27
     8788.64        82.26
     8793.64        82.27
     8798.64        82.28
     8803.65        82.25
     8808.65        82.25
     8813.65        82.23
     8818.66        82.21
     8823.66        82.21
     8828.66        82.21
     8833.67        82.20
     8838.67        82.24
     8843.67        82.25
     8848.68        82.23
     8853.68        82.23
     8858.68        82.26
     8863.68        82.21
     8868.69        82.19
     8873.69        82.19
     8878.69        82.22
     8883.70        82.20
     8888.70        82.20
     8893.70        82.22
     8898.71        82.23
     8903.71        82.22
     8908.71        82.22
     8913.72        82.21
     8918.72        82.23
     8923.72        82.22
     8928.72        82.23
     8933.73        82.19
     8938.73        82.21
     8943.73        82.20
     8948.74        82.21
     8953.74        82.19
     8958.74        82.18
     8963.75        82.18
     8968.75        82.20
     8973.75        82.18
     8978.76        82.19
     8983.76        82.21
     8988.76        82.19
     8993.76        82.18
     8998.77        82.17
     9003.77        82.15
     9008.77        82.15
     9013.78        82.15
     9018.78        82.16
     9023.78        82.15
     9028.79        82.13
     9033.79        82.11
     9038.79        82.12
     9043.80        82.12
     9048.80        82.15
     9053.80        82.18
     9058.80        82.16
     9063.81        82.11
     9068.81        82.10
     9073.81        82.10
     9078.82        82.10
     9083.82        82.12
     9088.82        82.13
     9093.83        82.14
     9098.83        82.12
     9103.83        82.09
     9108.83        82.09
     9113.84        82.11
     9118.84        82.11
     9123.84        82.12
     9128.85        82.05
     9133.85        82.03
     9138.85        82.07
     9143.86        82.03
     9148.86        82.04
     9153.86        82.07
     9158.87        82.07
     9163.87        82.04
     9168.87        82.06
     9173.87        82.05
     9178.88        82.03
     9183.88        82.04
     9188.88        82.05
     9193.89        82.04
     9198.89        82.05
     9203.89        82.07
     9208.90        82.07
     9213.90        82.05
     9218.90        82.05
     9223.91        82.02
     9228.91        82.00
     9233.91        82.01
     9238.91        82.00
     9243.92        82.02
     9248.92        82.04
     9253.92        82.05
     9258.93        82.04
     9263.93        82.04
     9268.93        82.04
     9273.94        82.04
     9278.94        82.01
     9283.94        81.98
     9288.95        81.97
     9293.95        81.96
     9298.95        81.97
     9303.95        81.99
     9308.96        82.01
     9313.96        82.02
     9318.96        82.03
     9323.97        82.02
     9328.97        81.96
     9333.97        81.94
     9338.98        81.92
     9343.98        81.91
     9348.98        81.93
     9353.99        81.95
     9358.99        81.96
     9363.99        81.98
     9368.99        81.99
     9374.00        81.98
     9379.00        81.95
     9384.00        81.93
     9389.01        81.93
     9394.01        81.94
     9399.01        81.96
     9404.02        81.94
     9409.02        81.91
     9414.02        81.91
     9419.03        81.89
     9424.03        81.89
     9429.03        81.91
     9434.03        81.93
     9439.04        81.94
     9444.04        81.92
     9449.04        81.92
     9454.05        81.91
     9459.05        81.91
     9464.05        81.89
     9469.06        81.89
     9474.06        81.90
     9479.06        81.90
     9484.07        81.89
     9489.07        81.87
     9494.07        81.88
     9499.07        81.88
     9504.08        81.88
     9509.08        81.89
     9514.08        81.89
     9519.09        81.91
     9524.09        81.90
     9529.09        81.87
     9534.10        81.84
     9539.10        81.83
     9544.10        81.82
     9549.11        81.81
     9554.11        81.80
     9559.11        81.83
     9564.11        81.84
     9569.12        81.86
     9574.12        81.87
     9579.12        81.87
     9584.13        81.86
     9589.13        81.83
     9594.13        81.80
     9599.14        81.78
     9604.14        81.79
     9605.52        81.76
     9610.53        81.79
     9615.53        81.79
     9620.53        81.83
     9625.54        81.84
     9630.54        81.84
     9635.54        81.84
     9640.55        81.82
     9645.55        81.82
     9650.55        81.80
     9655.56        81.79
     9660.56        81.78
     9665.56        81.78
     9670.56        81.77
     9675.57        81.75
     9680.57        81.77
     9685.57        81.78
     9690.58        81.80
     9695.58        81.78
     9700.58        81.79
     9705.59        81.78
     9710.59        81.77
     9715.59        81.76
     9720.59        81.76
     9725.60        81.77
     9730.60        81.77
     9735.60        81.76
     9740.61        81.73
     9745.61        81.73
     9750.61        81.73
     9755.62        81.74
     9760.62        81.76
     9765.62        81.78
     9770.63        81.79
     9775.63        81.77
     9780.63        81.74
     9785.63        81.72
     9790.64        81.71
     9795.64        81.69
     9800.64        81.69
     9805.65        81.70
     9810.65        81.71
     9815.65        81.72
     9820.66        81.73
     9825.66        81.71
     9830.66        81.71
     9835.67        81.72
     9840.67        81.71
     9845.67        81.70
     9850.67        81.67
     9855.68        81.65
     9860.68        81.65
     9865.68        81.64
     9870.69        81.63
     9875.69        81.65
     9880.69        81.67
     9885.70        81.69
     9890.70        81.69
     9895.70        81.66
     9900.71        81.64
     9905.71        81.63
     9910.71        81.63
     9915.71        81.63
     9920.72        81.63
     9925.72        81.61
     9930.72        81.59
     9935.73        81.59
     9940.73        81.60
     9945.73        81.60
     9950.74        81.61
     9955.74        81.62
     9960.74        81.65
     9965.74        81.63
     9970.75        81.62
     9975.75        81.61
     9980.75        81.62
     9985.76        81.60
     9990.76        81.57
     9995.76        81.56
    10000.77        81.56
    10005.77        81.55
    10010.77        81.56
    10015.78        81.59
    10020.78        81.65
    10025.78        81.62
    10030.78        81.62
    10035.79        81.61
    10040.79        81.57
    10045.79        81.53
    10050.80        81.54
    10055.80        81.55
    10060.80        81.54
    10065.81        81.53
    10070.81        81.56
    10075.81        81.58
    10080.82        81.63
    10085.82        81.61
    10090.82        81.57
    10095.82        81.55
    10100.83        81.49
    10105.83        81.49
    10110.83        81.49
    10115.84        81.50
    10120.84        81.52
    10125.84        81.51
    10130.85        81.52
    10135.85        81.52
    10140.85        81.53
    10145.86        81.53
    10150.86        81.54
    10155.86        81.52
    10160.86        81.47
    10165.87        81.44
    10170.87        81.43
    10175.87        81.44
    10180.88        81.46
    10185.88        81.46
    10190.88        81.46
    10195.89        81.46
    10200.89        81.50
    10205.89        81.50
    10210.89        81.47
    10215.90        81.43
    10220.90        81.41
    10225.90        81.41
    10230.91        81.40
    10235.91        81.42
    10240.91        81.46
    10245.92        81.46
    10250.92        81.44
    10255.92        81.42
    10260.93        81.42
    10265.93        81.41
    10270.93        81.44
    10275.93        81.43
    10280.94        81.42
    10285.94        81.40
    10290.94        81.40
    10295.95        81.39
    10300.95        81.41
    10305.95        81.41
    10310.96        81.39
    10315.96        81.40
    10320.96        81.39
    10325.97        81.40
    10330.97        81.43
    10335.97        81.41
    10340.97        81.40
    10345.98        81.39
    10350.98        81.39
    10355.98        81.39
    10360.99        81.36
    10365.99        81.33
    10370.99        81.33
    10376.00        81.35
    10381.00        81.38
    10386.00        81.39
    10391.00        81.38
    10396.01        81.36
    10401.01        81.33
    10406.01        81.32
    10411.02        81.33
    10416.02        81.33
    10421.02        81.35
    10426.03        81.33
    10431.03        81.35
    10436.03        81.32
    10441.04        81.29
    10446.04        81.28
    10451.04        81.28
    10456.04        81.30
    10461.05        81.33
    10466.05        81.34
    10471.05        81.33
    10474.76        81.33
    10479.77        81.29
    10484.77        81.29
    10489.77        81.27
    10494.78        81.30
    10499.78        81.28
    10504.78        81.28
    10509.78        81.26
    10514.79        81.27
    10519.79        81.28
    10524.79        81.27
    10529.80        81.28
    10534.80        81.29
    10539.80        81.29
    10544.81        81.27
    10549.81        81.25
    10554.81        81.23
    10559.82        81.22
    10564.82        81.21
    10569.82        81.22
    10574.82        81.22
    10579.83        81.22
    10584.83        81.24
    10589.83        81.24
    10594.84        81.25
    10599.84        81.22
    10604.84        81.21
    10609.85        81.17
    10614.85        81.16
    10619.85        81.18
    10624.86        81.18
    10629.86        81.19
    10634.86        81.18
    10639.86        81.21
    10644.87        81.19
    10649.87        81.16
    10654.87        81.15
    10659.88        81.13
    10664.88        81.13
    10669.88        81.11
    10674.89        81.10
    10679.89        81.11
    10684.89        81.14
    10689.89        81.11
    10694.90        81.14
    10699.90        81.13
    10704.90        81.09
    10709.91        81.11
    10714.91        81.10
    10719.91        81.06
    10724.92        81.07
    10729.92        81.09
    10734.92        81.09
    10739.93        81.06
    10744.93        81.06
    10749.93        81.04
    10754.93        81.03
    10759.94        81.05
    10764.94        81.08
    10769.94        81.07
    10774.95        81.00
    10779.95        81.01
    10784.95        80.99
    10789.96        80.96
    10794.96        80.96
    10799.96        80.96
    10804.96        80.97
    10809.97        81.00
    10814.97        81.02
    10819.97        81.02
    10824.98        80.95
    10829.98        80.94
    10834.98        80.91
    10839.99        80.87
    10844.99        80.89
    10849.99        80.92
    10855.00        80.92
    10860.00        80.92
    10865.00        80.93
    10870.00        80.92
    10875.01        80.92
    10880.01        80.90
    10885.01        80.89
    10890.02        80.87
    10895.02        80.85
    10900.02        80.85
    10905.03        80.85
    10910.03        80.84
    10915.03        80.82
    10920.04        80.81
    10925.04        80.82
    10930.04        80.82
    10935.04        80.81
    10940.05        80.81
    10945.05        80.83
    10950.05        80.81
    10955.06        80.78
    10960.06        80.74
    10965.06        80.71
    10970.07        80.72
    10975.07        80.74
    10980.07        80.76
    10985.07        80.76
    10990.08        80.75
    10995.08        80.73
    11000.08        80.73
    11005.09        80.70
    11010.09        80.69
    11015.09        80.69
    11020.10        80.68
    11025.10        80.69
    11030.10        80.69
    11035.11        80.67
    11040.11        80.65
    11045.11        80.66
    11050.11        80.64
    11055.12        80.65
    11060.12        80.65
    11065.12        80.64
    11070.13        80.62
    11075.13        80.60
    11080.13        80.57
    11085.14        80.56
    11090.14        80.57
    11095.14        80.58
    11100.14        80.57
    11105.15        80.57
    11110.15        80.57
    11115.15        80.60
    11120.16        80.58
    11125.16        80.54
    11130.16        80.54
    11135.17        80.53
    11140.17        80.54
    11145.17        80.56
    11150.18        80.56
    11155.18        80.52
    11160.18        80.49
    11165.18        80.51
    11170.19        80.50
    11175.19        80.52
    11180.19        80.55
    11185.20        80.56
    11190.20        80.54
    11195.20        80.52
    11200.21        80.50
    11205.21        80.48
    11210.21        80.47
    11215.21        80.47
    11220.22        80.49
    11225.22        80.49
    11230.22        80.49
    11235.23        80.49
    11240.23        80.47
    11245.23        80.46
    11250.24        80.48
    11255.24        80.46
    11260.24        80.45
    11265.25        80.45
    11270.25        80.44
    11275.25        80.42
    11280.25        80.43
    11285.26        80.41
    11286.05        80.41
    11291.05        80.40
    11296.06        80.39
    11301.06        80.40
    11306.06        80.43
    11311.07        80.46
    11316.07        80.40
    11321.07        80.38
    11326.07        80.40
    11331.08        80.39
    11336.08        80.38
    11341.08        80.38
    11346.09        80.40
    11351.09        80.39
    11356.09        80.38
    11361.10        80.34
    11366.10        80.33
    11371.10        80.34
    11376.11        80.32
    11381.11        80.31
    11386.11        80.27
    11391.11        80.26
    11396.12        80.24
    11401.12        80.21
    11406.12        80.15
    11411.13        80.13
    11416.13        80.08
    11421.13        80.07
    11426.14        80.03
    11431.14        80.06
    11436.14        80.00
    11441.14        79.89
    11446.15        79.45
    11451.15        79.77
    11456.15        80.16
    11461.16        80.66
    11466.16        80.56
    11471.16        80.57
    11476.17        80.89
    11481.17        81.08
    11486.17        80.78
    11491.17        80.52
    11496.18        80.21
    11501.18        80.46
    11506.18        80.10
    11511.19        79.75
    11516.19        79.81
    11521.19        80.08
    11526.20        79.84
    11531.20        79.97
    11536.20        79.92
    11541.21        79.46
    11546.21        79.52
    11551.21        79.48
    11556.21        79.87
    11561.22        79.92
    11566.22        80.23
    11571.22        79.94
    11576.23        80.31
    11581.23        80.46
    11586.23        80.11
    11591.24        80.80
    11596.24        79.89
    11601.24        78.94
    11606.24        79.05
    11611.25        79.57
    11616.25        79.77
    11621.25        79.89
    11626.26        79.95
    11631.26        79.96
    11636.26        79.99
    11641.27        80.01
    11646.27        80.05
    11651.27        80.07
    11656.28        80.08
    11661.28        80.10
    11666.28        80.10
    11671.28        80.11
    11676.29        80.11
    11681.29        80.10
    11686.29        80.09
    11691.30        80.04
    11696.30        80.06
    11701.30        80.07
    11706.31        80.09
    11711.31        80.08
    11716.31        80.10
    11721.31        80.13
    11726.32        80.17
    11731.32        80.13
    11736.32        80.16
    11741.33        80.19
    11746.33        80.17
    11751.33        80.19
    11756.34        80.19
    11761.34        80.18
    11766.34        80.19
    11771.35        80.20
    11776.35        80.22
    11781.35        80.19
    11786.35        80.20
    11791.36        80.19
    11796.36        80.26
    11801.36        80.30
    11806.37        80.29
    11811.37        80.21
    11816.37        80.10
    11821.38        80.02
    11826.38        79.96
    11831.38        79.81
    11836.38        79.78
    11841.39        80.43
    11846.39        81.19
    11851.39        80.89
    11856.40        80.45
    11861.40        80.51
    11866.40        80.45
    11871.41        80.05
    11876.41        80.66
    11881.41        80.61
    11886.42        82.55
    11891.42        82.69
    11896.42        82.45
    11901.42        82.50
    11906.43        82.22
    11911.43        82.41
    11916.43        82.26
    11921.44        82.13
    11926.44        81.99
    11931.44        81.97
    11936.45        82.27
    11941.45        82.35
    11946.45        81.83
    11951.45        81.75
    11956.46        81.91
    11961.46        81.93
    11966.46        81.87
    11971.47        81.61
    11976.47        82.06
    11981.47        82.62
    11986.48        82.49
    11991.48        82.23
    11996.48        82.21
    12001.48        82.79
    12006.49        82.79
    12011.49        82.36
    12016.49        82.24
    12021.50        81.97
    12026.50        81.28
    12031.50        81.49
    12036.51        81.89
    12041.51        81.78
    12046.51        81.92
    12051.52        81.51
    12056.52        81.79
    12061.52        81.78
    12066.52        81.77
    12071.53        81.78
    12076.53        81.92
    12081.53        81.65
    12086.54        81.58
    12091.54        81.57
    12096.54        81.94
    12101.55        82.34
    12106.55        82.21
    12111.55        82.29
    12116.55        82.10
    12121.56        81.80
    12126.56        81.82
    12131.56        81.65
    12136.57        81.62
    12141.57        81.49
    12146.57        81.26
    12151.58        81.20
    12156.58        81.76
    12161.58        82.03
    12166.58        81.81
    12171.59        81.61
    12176.59        81.68
    12181.59        81.40
    12186.60        81.44
    12191.60        81.32
    12196.60        81.01
    12201.61        81.16
    12206.61        81.03
    12211.61        81.10
    12216.62        81.17
    12221.62        81.22
    12226.62        81.17
    12231.62        80.87
    12236.63        80.69
    12241.63        80.68
    12246.63        81.10
    12251.64        80.75
    12256.64        79.96
    12261.64        80.36
    12266.65        80.47
    12271.65        80.42
    12276.65        80.45
    12281.65        80.20
    12286.66        80.13
    12291.66        80.32
    12296.66        80.46
    12301.67        80.52
    12306.67        80.56
    12311.67        80.59
    12316.68        80.58
    12321.68        80.56
    12326.68        80.52
    12331.68        80.52
    12336.69        80.53
    12341.69        80.52
    12346.69        80.52
    12351.70        80.51
    12356.70        80.46
    12361.70        80.44
    12366.71        80.40
    12371.71        80.38
    12374.20        80.37
    12379.20        80.36
    12384.21        80.34
    12389.21        80.31
    12394.21        80.26
    12399.21        80.20
    12404.22        80.17
    12409.22        80.13
    12414.22        80.10
    12419.23        80.07
    12424.23        80.03
    12429.23        79.97
    12434.24        79.94
    12439.24        79.92
    12444.24        79.92
    12449.24        79.93
    12454.25        79.94
    12459.25        79.92
    12464.25        79.93
    12469.26        79.92
    12474.26        79.92
    12479.26        79.94
    12484.27        79.96
    12489.27        79.97
    12494.27        79.97
    12499.28        79.96
    12504.28        79.96
    12509.28        79.97
    12514.28        79.99
    12519.29        80.03
    12524.29        80.03
    12529.29        80.01
    12534.30        80.01
    12539.30        80.02
    12544.30        80.00
    12549.31        80.00
    12554.31        80.03
    12559.31        80.04
    12564.31        80.05
    12569.32        80.07
    12574.32        80.04
    12579.32        80.04
    12584.33        80.04
    12589.33        80.03
    12594.33        80.05
    12599.34        80.04
    12604.34        80.04
    12609.34        80.04
    12614.34        80.06
    12619.35        80.06
    12624.35        80.05
    12629.35        80.02
    12634.36        80.02
    12639.36        80.03
    12644.36        80.04
    12649.37        80.06
    12654.37        80.05
    12659.37        80.05
    12664.38        80.03
    12669.38        80.03
    12674.38        80.03
    12679.38        80.03
    12684.39        80.04
    12689.39        80.02
    12694.39        80.00
    12699.40        80.01
    12704.40        80.00
    12709.40        80.01
    12714.41        80.03
    12719.41        80.03
    12724.41        80.02
    12729.41        80.01
    12734.42        79.98
    12739.42        79.99
    12744.42        79.97
    12749.43        79.94
    12754.43        79.95
    12759.43        79.99
    12764.44        79.96
    12769.44        79.98
    12774.44        79.98
    12779.44        80.00
    12784.45        80.00
    12789.45        79.98
    12794.45        79.99
    12799.46        79.99
    12804.46        79.98
    12809.46        79.94
    12814.47        79.91
    12819.47        79.93
    12824.47        79.93
    12829.47        79.94
    12834.48        79.95
    12839.48        79.97
    12844.48        79.98
    12849.49        79.99
    12854.49        79.91
    12859.49        79.90
    12864.50        79.89
    12869.50        79.90
    12874.50        79.91
    12879.51        79.92
    12884.51        79.95
    12889.51        79.95
    12894.51        79.93
    12899.52        79.89
    12904.52        79.89
    12909.52        79.90
    12914.53        79.91
    12919.53        79.89
    12924.53        79.87
    12929.54        79.88
    12934.54        79.85
    12939.54        79.87
    12944.54        79.88
    12949.55        79.89
    12954.55        79.89
    12959.55        79.88
    12964.56        79.88
    12969.56        79.87
    12974.56        79.85
    12979.57        79.87
    12984.57        79.86
    12989.57        79.85
    12994.57        79.84
    12999.58        79.87
    13004.58        79.88
    13009.58        79.88
    13014.59        79.87
    13019.59        79.87
    13024.59        79.86
    13029.60        79.88
    13034.60        79.87
    13039.60        79.87
    13044.60        79.85
    13049.61        79.85
    13054.61        79.84
    13059.61        79.85
    13064.62        79.85
    13069.62        79.87
    13074.62        79.87
    13079.63        79.85
    13084.63        79.83
    13089.63        79.82
    13094.64        79.83
    13099.64        79.83
    13101.84        79.84
    13106.84        79.85
    13111.84        79.84
    13116.85        79.84
    13121.85        79.83
    13126.85        79.85
    13131.86        79.86
    13136.86        79.85
    13141.86        79.82
    13146.86        79.81
    13151.87        79.82
    13156.87        79.82
    13161.87        79.81
    13166.88        79.81
    13171.88        79.80
    13176.88        79.84
    13181.89        79.83
    13186.89        79.83
    13191.89        79.82
    13196.89        79.80
    13201.90        79.80
    13206.90        79.78
    13211.90        79.80
    13216.91        79.80
    13221.91        79.80
    13226.91        79.81
    13231.92        79.81
    13236.92        79.81
    13241.92        79.80
    13246.92        79.80
    13251.93        79.79
    13256.93        79.79
    13261.93        79.78
    13266.94        79.78
    13271.94        79.77
    13276.94        79.77
    13281.95        79.77
    13286.95        79.77
    13291.95        79.79
    13296.95        79.79
    13301.96        79.76
    13306.96        79.76
    13311.96        79.76
    13316.97        79.77
    13321.97        79.78
    13326.97        79.78
    13331.98        79.75
    13336.98        79.76
    13341.98        79.77
    13346.98        79.76
    13351.99        79.73
    13356.99        79.74
    13361.99        79.75
    13367.00        79.75
    13372.00        79.77
    13377.00        79.77
    13382.01        79.77
    13387.01        79.74
    13392.01        79.73
    13397.02        79.71
    13402.02        79.69
    13407.02        79.70
    13412.02        79.72
    13417.03        79.74
    13422.03        79.74
    13427.03        79.73
    13432.04        79.73
    13437.04        79.73
    13442.04        79.73
    13447.05        79.73
    13452.05        79.70
    13457.05        79.68
    13462.05        79.67
    13467.06        79.68
    13472.06        79.69
    13477.06        79.70
    13482.07        79.71
    13487.07        79.71
    13492.07        79.69
    13497.08        79.68
    13502.08        79.67
    13507.08        79.67
    13512.08        79.67
    13517.09        79.69
    13522.09        79.70
    13527.09        79.68
    13532.10        79.67
    13537.10        79.66
    13542.10        79.67
    13547.11        79.66
    13552.11        79.68
    13557.11        79.68
    13562.11        79.70
    13567.12        79.71
    13572.12        79.70
    13577.12        79.69
    13582.13        79.64
    13587.13        79.63
    13592.13        79.63
    13597.14        79.64
    13602.14        79.67
    13605.67        79.69
    13610.67        79.71
    13615.67        79.70
    13620.68        79.70
    13625.68        79.67
    13630.68        79.66
    13635.68        79.66
    13640.69        79.66
    13645.69        79.68
    13650.69        79.67
    13655.70        79.68
    13660.70        79.68
    13665.70        79.68
    13670.71        79.69
    13675.71        79.68
    13680.71        79.67
    13685.71        79.67
    13690.72        79.65
    13695.72        79.66
    13700.72        79.67
    13705.73        79.67
    13710.73        79.67
    13715.73        79.66
    13720.74        79.65
    13725.74        79.64
    13730.74        79.66
    13735.74        79.68
    13740.75        79.68
    13745.75        79.67
    13750.75        79.65
    13755.76        79.63
    13760.76        79.62
    13765.76        79.62
    13770.77        79.65
    13775.77        79.66
    13780.77        79.67
    13785.77        79.68
    13790.78        79.65
    13795.78        79.64
    13800.78        79.63
    13805.79        79.64
    13810.79        79.65
    13815.79        79.66
    13820.80        79.66
    13825.80        79.64
    13830.80        79.63
    13835.80        79.65
    13840.81        79.65
    13845.81        79.67
    13850.81        79.67
    13855.82        79.67
    13860.82        79.66
    13865.82        79.65
    13870.83        79.64
    13875.83        79.65
    13880.83        79.65
    13885.84        79.65
    13890.84        79.67
    13895.84        79.67
    13900.84        79.66
    13905.85        79.66
    13910.85        79.66
    13915.85        79.67
    13920.86        79.69
    13925.86        79.70
    13926.09        79.70
    13931.10        79.67
    13936.10        79.62
    13941.10        79.63
    13946.11        79.64
    13951.11        79.65
    13956.11        79.69
    13961.12        79.70
    13966.12        79.69
    13971.12        79.67
    13976.12        79.66
    13981.13        79.64
    13986.13        79.65
    13991.13        79.66
    13996.14        79.68
    14001.14        79.68
    14006.14        79.65
    14011.15        79.64
    14016.15        79.65
    14021.15        79.65
    14026.15        79.66
    14031.16        79.68
    14036.16        79.67
    14041.16        79.66
    14046.17        79.65
    14051.17        79.65
    14056.17        79.66
    14061.18        79.68
    14066.18        79.68
    14071.18        79.66
    14076.18        79.64
    14081.19        79.63
    14086.19        79.63
    14091.19        79.64
    14096.20        79.67
    14101.20        79.67
    14106.20        79.67
    14111.21        79.66
    14116.21        79.66
    14121.21        79.64
    14126.21        79.63
    14131.22        79.62
    14136.22        79.62
    14141.22        79.62
    14146.23        79.63
    14151.23        79.66
    14156.23        79.66
    14161.24        79.65
    14166.24        79.62
    14171.24        79.62
    14176.24        79.61
    14181.25        79.62
    14186.25        79.62
    14191.25        79.63
    14196.26        79.63
    14201.26        79.60
    14206.26        79.59
    14211.27        79.60
    14212.68        79.60
    14217.69        79.61
    14222.69        79.61
    14227.69        79.61
    14232.70        79.59
    14237.70        79.57
    14242.70        79.57
    14247.70        79.56
    14252.71        79.56
    14257.71        79.58
    14262.71        79.58
    14267.72        79.59
    14272.72        79.58
    14277.72        79.56
    14282.73        79.54
    14287.73        79.55
    14292.73        79.54
    14297.73        79.55
    14302.74        79.54
    14307.74        79.55
    14312.74        79.54
    14317.75        79.54
    14322.75        79.53
    14327.75        79.52
    14332.76        79.51
    14337.76        79.51
    14342.76        79.49
    14347.76        79.49
    14352.77        79.50
    14357.77        79.51
    14362.77        79.51
    14367.78        79.51
    14372.78        79.50
    14377.78        79.48
    14382.79        79.47
    14387.79        79.46
    14392.79        79.47
    14397.79        79.47
    14402.80        79.49
    14407.80        79.49
    14412.80        79.47
    14417.81        79.46
    14422.81        79.44
    14427.81        79.44
    14432.82        79.45
    14437.82        79.48
    14442.82        79.48
    14447.82        79.46
    14452.83        79.44
    14457.83        79.43
    14462.83        79.44
    14467.84        79.45
    14472.84        79.44
    14477.84        79.44
    14482.85        79.44
    14487.85        79.43
    14492.85        79.43
    14497.85        79.44
    14502.86        79.43
    14507.86        79.42
    14512.86        79.43
    14517.87        79.44
    14522.87        79.43
    14527.87        79.42
    14532.88        79.39
    14537.88        79.41
    14542.88        79.41
    14547.88        79.41
    14552.89        79.40
    14557.89        79.40
    14562.89        79.41
    14567.90        79.40
    14572.90        79.40
    14577.90        79.39
    14582.91        79.40
    14587.91        79.38
    14592.91        79.37
    14597.91        79.34
    14602.92        79.35
    14607.92        79.36
    14612.92        79.37
    14617.93        79.35
    14622.93        79.34
    14627.93        79.34
    14632.94        79.33
    14637.94        79.33
    14642.94        79.32
    14647.94        79.32
    14652.95        79.29
    14657.95        79.27
    14662.95        79.28
    14667.96        79.28
    14672.96        79.29
    14677.96        79.25
    14682.97        79.23
    14687.97        79.24
    14690.76        79.24
    14695.76        79.26
    14700.77        79.26
    14705.77        79.23
    14710.77        79.21
    14715.77        79.22
    14720.78        79.24
    14725.78        79.25
    14730.78        79.25
    14735.79        79.24
    14740.79        79.22
    14745.79        79.20
    14750.80        79.19
    14755.80        79.18
    14760.80        79.18
    14765.80        79.15
    14770.81        79.15
    14775.81        79.14
    14780.81        79.14
    14785.82        79.14
    14790.82        79.13
    14795.82        79.13
    14800.83        79.13
    14805.83        79.12
    14810.83        79.10
    14815.83        79.07
    14820.84        79.05
    14825.84        79.06
    14830.84        79.07
    14835.85        79.09
    14840.85        79.11
    14845.85        79.11
    14850.86        79.09
    14855.86        79.12
    14860.86        79.13
    14865.86        79.12
    14870.87        79.14
    14875.87        79.13
    14880.87        79.14
    14885.88        79.16
    14890.88        79.16
    14895.88        79.17
    14900.89        79.18
    14905.89        79.20
    14910.89        79.22
    14915.89        79.21
    14920.90        79.19
    14925.90        79.19
    14930.90        79.19
    14935.91        79.19
    14940.91        79.20
    14945.91        79.22
    14950.92        79.23
    14955.92        79.24
    14960.92        79.23
    14965.92        79.23
    14970.93        79.22
    14975.93        79.18
    14980.93        79.16
    14985.94        79.18
    14990.94        79.19
    14995.94        79.19
    15000.95        79.21
    15005.95        79.21
    15010.95        79.21
    15015.95        79.21
    15020.96        79.21
    15025.96        79.20
    15030.96        79.19
    15035.97        79.16
    15040.97        79.15
    15045.97        79.16
    15050.97        79.18
    15055.98        79.20
    15060.98        79.20
    15065.98        79.19
    15070.99        79.17
    15075.99        79.18
    15080.99        79.20
    15086.00        79.20
    15091.00        79.19
    15096.00        79.19
    15101.00        79.18
    15106.01        79.16
    15111.01        79.14
    15116.01        79.14
    15121.02        79.15
    15126.02        79.18
    15131.02        79.18
    15136.03        79.18
    15141.03        79.19
    15146.03        79.17
    15151.03        79.18
    15154.39        79.16
    15159.39        79.16
    15164.39        79.15
    15169.40        79.14
    15174.40        79.15
    15179.40        79.15
    15184.41        79.16
    15189.41        79.15
    15194.41        79.16
    15199.42        79.16
    15204.42        79.16
    15209.42        79.16
    15214.42        79.14
    15219.43        79.12
    15224.43        79.11
    15229.43        79.11
    15234.44        79.12
    15239.44        79.11
    15244.44        79.11
    15249.45        79.11
    15254.45        79.13
    15259.45        79.14
    15264.45        79.15
    15269.46        79.11
    15274.46        79.08
    15279.46        79.05
    15284.47        79.05
    15289.47        79.06
    15294.47        79.08
    15299.48        79.10
    15304.48        79.12
    15309.48        79.11
    15314.48        79.11
    15319.49        79.09
    15324.49        79.07
    15329.49        79.07
    15334.50        79.08
    15339.50        79.07
    15344.50        79.08
    15349.51        79.07
    15354.51        79.05
    15359.51        79.06
    15364.51        79.10
    15369.52        79.12
    15374.52        79.10
    15379.52        79.06
    15384.53        79.08
    15389.53        79.07
    15394.53        79.08
    15399.54        79.08
    15404.54        79.10
    15409.54        79.09
    15414.54        79.08
    15419.55        79.09
    15420.23        79.09
    15425.23        79.11
    15430.23        79.09
    15435.23        79.09
    15440.24        79.10
    15445.24        79.11
    15450.24        79.12
    15455.25        79.12
    15460.25        79.11
    15465.25        79.11
    15470.26        79.09
    15475.26        79.12
    15480.26        79.11
    15485.26        79.11
    15490.27        79.14
    15495.27        79.15
    15500.27        79.14
    15505.28        79.12
    15510.28        79.09
    15515.28        79.12
    15520.29        79.13
    15525.29        79.13
    15530.29        79.16
    15535.29        79.16
    15540.30        79.15
    15545.30        79.15
    15550.30        79.16
    15555.31        79.15
    15560.31        79.15
    15565.31        79.17
    15570.32        79.18
    15575.32        79.16
    15580.32        79.15
    15585.32        79.17
    15590.33        79.16
    15595.33        79.16
    15600.33        79.17
    15605.34        79.17
    15610.34        79.19
    15615.34        79.19
    15620.34        79.19
    15625.35        79.18
    15630.35        79.17
    15635.35        79.15
    15640.36        79.14
    15645.36        79.15
    15650.36        79.17
    15655.37        79.18
    15660.37        79.20
    15665.37        79.19
    15670.37        79.17
    15675.38        79.17
    15680.38        79.16
    15685.38        79.16
    15690.39        79.15
    15695.39        79.14
    15700.39        79.14
    15705.40        79.15
    15710.40        79.13
    15715.40        79.13
    15720.40        79.14
    15725.41        79.14
    15730.41        79.15
    15735.41        79.16
    15740.42        79.14
    15745.42        79.12
    15748.60        79.12
    15753.60        79.10
    15758.60        79.10
    15763.61        79.10
    15768.61        79.10
    15773.61        79.11
    15778.61        79.13
    15783.62        79.11
    15788.62        79.10
    15793.62        79.11
    15798.63        79.13
    15803.63        79.12
    15808.63        79.10
    15813.64        79.09
    15818.64        79.09
    15823.64        79.08
    15828.64        79.09
    15833.65        79.09
    15838.65        79.09
    15843.65        79.09
    15848.66        79.11
    15853.66        79.12
    15858.66        79.12
    15863.67        79.12
    15868.67        79.08
    15873.67        79.05
    15878.67        79.06
    15883.68        79.07
    15888.68        79.10
    15893.68        79.12
    15898.69        79.11
    15903.69        79.10
    15908.69        79.10
    15913.69        79.10
    15918.70        79.10
    15923.70        79.09
    15928.70        79.10
    15933.71        79.09
    15938.71        79.09
    15943.71        79.08
    15948.72        79.10
    15953.72        79.09
    15958.72        79.08
    15963.72        79.09
    15968.73        79.09
    15973.73        79.08
    15978.73        79.08
    15983.74        79.06
    15988.74        79.05
    15993.74        79.06
    15998.75        79.11
    16003.75        79.10
    16008.75        79.06
    16013.75        79.04
    16018.76        79.05
    16023.76        79.05
    16028.76        79.07
    16033.77        79.08
    16038.77        79.07
    16043.77        79.07
    16048.78        79.06
    16053.78        79.03
    16058.78        79.04
    16063.78        79.03
    16068.79        79.02
    16073.79        79.03
    16078.79        79.06
    16083.80        79.08
    16088.80        79.06
    16093.80        79.03
    16098.81        79.02
    16103.81        79.01
    16108.81        79.01
    16113.81        79.02
    16118.82        79.02
    16123.82        79.03
    16128.82        79.03
    16133.83        79.03
    16138.83        79.03
    16139.75        79.03
    16144.76        79.04
    16149.76        79.04
    16154.76        79.03
    16159.76        79.02
    16164.77        79.01
    16169.77        78.98
    16174.77        78.97
    16179.78        78.98
    16184.78        78.98
    16189.78        79.01
    16194.79        79.03
    16199.79        79.04
    16204.79        79.02
    16209.79        79.01
    16214.80        79.00
    16219.80        78.98
    16224.80        78.97
    16229.81        78.97
    16234.81        78.98
    16239.81        78.98
    16244.81        78.98
    16249.82        78.99
    16254.82        78.98
    16259.82        78.99
    16264.83        78.99
    16269.83        78.99
    16274.83        78.99
    16279.84        78.96
    16284.84        78.95
    16289.84        78.94
    16294.84        78.94
    16299.85        78.96
    16304.85        78.95
    16309.85        78.95
    16314.86        78.96
    16319.86        78.98
    16324.86        78.98
    16329.87        78.94
    16334.87        78.93
    16339.87        78.90
    16344.87        78.90
    16349.88        78.91
    16354.88        78.93
    16359.88        78.95
    16364.89        78.94
    16369.89        78.94
    16374.89        78.93
    16379.90        78.92
    16384.90        78.90
    16389.90        78.89
    16394.90        78.89
    16399.91        78.90
    16404.91        78.90
    16409.91        78.90
    16414.92        78.92
    16419.92        78.93
    16424.92        78.89
    16429.92        78.87
    16434.93        78.86
    16439.93        78.87
    16444.93        78.88
    16449.94        78.90
    16454.94        78.90
    16459.94        78.87
    16464.95        78.85
    16469.95        78.83
    16474.95        78.82
    16479.95        78.84
    16484.96        78.86
    16489.96        78.88
    16494.96        78.88
    16499.97        78.86
    16504.97        78.84
    16509.97        78.82
    16514.98        78.81
    16519.98        78.80
    16524.98        78.79
    16529.98        78.80
    16534.99        78.84
    16539.99        78.86
    16544.99        78.85
    16550.00        78.82
    16555.00        78.81
    16560.00        78.80
    16565.01        78.80
    16570.01        78.80
    16575.01        78.79
    16577.62        78.79
    16582.63        78.79
    16587.63        78.81
    16592.63        78.81
    16597.64        78.81
    16602.64        78.83
    16607.64        78.81
    16612.65        78.79
    16617.65        78.76
    16622.65        78.76
    16627.65        78.78
    16632.66        78.78
    16637.66        78.79
    16642.66        78.79
    16647.67        78.77
    16652.67        78.76
    16657.67        78.75
    16662.67        78.76
    16667.68        78.79
    16672.68        78.79
    16677.68        78.76
    16682.69        78.75
    16687.69        78.76
    16692.69        78.76
    16697.70        78.76
    16702.70        78.75
    16707.70        78.76
    16712.70        78.77
    16717.71        78.77
    16722.71        78.76
    16727.71        78.77
    16732.72        78.76
    16737.72        78.76
    16742.72        78.76
    16747.73        78.76
    16752.73        78.75
    16757.73        78.76
    16762.73        78.76
    16767.74        78.76
    16772.74        78.75
    16777.74        78.78
    16782.75        78.76
    16787.75        78.76
    16792.75        78.76
    16797.76        78.77
    16802.76        78.76
    16807.76        78.76
    16812.76        78.75
    16817.77        78.73
    16822.77        78.75
    16827.77        78.76
    16832.78        78.77
    16837.78        78.76
    16842.78        78.77
    16847.78        78.77
    16852.79        78.77
    16857.79        78.76
    16862.79        78.74
    16867.80        78.72
    16872.80        78.73
    16877.80        78.76
    16882.81        78.77
    16887.81        78.77
    16892.81        78.76
    16897.81        78.76
    16902.82        78.74
    16907.82        78.72
    16912.82        78.73
    16917.83        78.75
    16920.58        78.74
    16925.58        78.75
    16930.59        78.77
    16935.59        78.76
    16940.59        78.74
    16945.60        78.74
    16950.60        78.75
    16955.60        78.75
    16960.60        78.75
    16965.61        78.74
    16970.61        78.74
    16975.61        78.75
    16980.62        78.74
    16985.62        78.75
    16990.62        78.76
    16995.63        78.75
    17000.63        78.74
    17005.63        78.75
    17010.63        78.73
    17015.64        78.73
    17020.64        78.73
    17025.64        78.73
    17030.65        78.73
    17035.65        78.74
    17040.65        78.76
    17045.65        78.75
    17050.66        78.76
    17055.66        78.73
    17060.66        78.71
    17065.67        78.72
    17070.67        78.74
    17075.67        78.74
    17080.68        78.74
    17085.68        78.75
    17090.68        78.76
    17095.68        78.75
    17100.69        78.73
    17105.69        78.74
    17110.69        78.73
    17115.70        78.73
    17120.70        78.74
    17125.70        78.72
    17130.71        78.71
    17135.71        78.71
    17140.71        78.73
    17145.71        78.75
    17150.72        78.75
    17155.72        78.74
    17160.72        78.73
    17165.73        78.74
    17170.73        78.73
    17175.73        78.74
    17180.73        78.74
    17185.74        78.74
    17190.74        78.72
    17195.74        78.70
    17200.75        78.68
    17205.75        78.71
    17210.75        78.72
    17215.76        78.73
    17220.76        78.73
    17225.76        78.72
    17230.76        78.72
    17235.77        78.71
    17240.77        78.70
    17242.53        78.69
    17247.53        78.67
    17252.54        78.67
    17257.54        78.69
    17262.54        78.70
    17267.55        78.71
    17272.55        78.73
    17277.55        78.73
    17282.55        78.69
    17287.56        78.69
    17292.56        78.67
    17297.56        78.69
    17302.57        78.71
    17307.57        78.71
    17312.57        78.68
    17317.58        78.69
    17322.58        78.69
    17327.58        78.71
    17332.58        78.70
    17337.59        78.70
    17342.59        78.69
    17347.59        78.69
    17352.60        78.69
    17357.60        78.67
    17362.60        78.67
    17367.61        78.68
    17372.61        78.67
    17377.61        78.67
    17382.61        78.65
    17387.62        78.66
    17392.62        78.65
    17397.62        78.66
    17402.63        78.67
    17407.63        78.70
    17412.63        78.68
    17417.63        78.62
    17422.64        78.62
    17427.64        78.60
    17432.64        78.61
    17437.65        78.65
    17442.65        78.65
    17447.65        78.67
    17452.66        78.64
    17457.66        78.65
    17462.66        78.64
    17467.66        78.63
    17472.67        78.61
    17477.67        78.62
    17482.67        78.62
    17487.68        78.61
    17492.68        78.61
    17497.68        78.63
    17502.69        78.62
    17507.69        78.60
    17512.69        78.59
    17517.69        78.61
    17522.70        78.61
    17527.70        78.61
    17532.70        78.60
    17537.71        78.57
    17542.71        78.56
    17547.71        78.54
    17552.71        78.53
    17557.72        78.55
    17562.72        78.57
    17567.72        78.58
    17572.73        78.59
    17577.73        78.57
    17582.73        78.56
    17587.74        78.55
    17592.74        78.52
    17597.74        78.52
    17602.74        78.51
    17603.16        78.51
    17608.16        78.51
    17613.16        78.52
    17618.16        78.55
    17623.17        78.55
    17628.17        78.55
    17633.17        78.52
    17638.18        78.50
    17643.18        78.49
    17648.18        78.49
    17653.18        78.49
    17658.19        78.50
    17663.19        78.50
    17668.19        78.50
    17673.20        78.48
    17678.20        78.47
    17683.20        78.46
    17688.21        78.46
    17693.21        78.46
    17698.21        78.47
    17703.21        78.48
    17708.22        78.47
    17713.22        78.46
    17718.22        78.46
    17723.23        78.45
    17728.23        78.45
    17733.23        78.44
    17738.23        78.46
    17743.24        78.47
    17748.24        78.45
    17753.24        78.44
    17758.25        78.42
    17763.25        78.39
    17768.25        78.41
    17773.26        78.45
    17778.26        78.46
    17783.26        78.44
    17783.55        78.44
    17788.55        78.42
    17793.55        78.41
    17798.56        78.41
    17803.56        78.40
    17808.56        78.41
    17813.57        78.40
    17818.57        78.39
    17823.57        78.39
    17828.58        78.40
    17833.58        78.39
    17838.58        78.38
    17843.58        78.38
    17848.59        78.40
    17853.59        78.38
    17858.59        78.37
    17863.60        78.38
    17868.60        78.36
    17873.60        78.35
    17878.60        78.34
    17883.61        78.33
    17888.61        78.34
    17893.61        78.34
    17898.62        78.36
    17903.62        78.37
    17908.62        78.35
    17913.63        78.32
    17918.63        78.31
    17923.63        78.29
    17928.63        78.30
    17933.64        78.30
    17938.64        78.32
