# MB_2m_NZGD2000_NZTM_OD - Mean
# Coordinate Projection: NZTM
# Attribute Unit: m
# Z-axis convention: Up is positive
# Distance Unit: m
# Start Location: 1354363.797 4861890.632
# End Location: 1365392.630 4850565.138
# Format: Distance    Attribute
        0.00        91.57
        5.00        91.55
       10.01        91.53
       15.01        91.51
       20.01        91.45
       25.02        91.40
       30.02        91.36
       35.02        91.34
       40.03        91.35
       45.03        91.34
       50.03        91.32
       55.04        91.26
       60.04        91.22
       65.04        91.19
       70.04        91.15
       75.05        91.13
       80.05        91.11
       85.05        91.11
       90.06        91.12
       95.06        91.12
      100.06        91.11
      105.07        91.09
      110.07        91.07
      115.07        91.04
      117.54        91.00
      122.54        90.97
      127.54        90.92
      132.55        90.89
      137.55        90.87
      142.55        90.86
      147.56        90.84
      152.56        90.85
      157.56        90.85
      162.56        90.87
      167.57        90.84
      172.57        90.78
      177.57        90.76
      182.58        90.74
      187.58        90.71
      192.58        90.70
      197.59        90.70
      202.59        90.66
      207.59        90.65
      212.60        90.63
      217.60        90.61
      222.60        90.58
      227.61        90.57
      232.61        90.54
      237.61        90.54
      242.62        90.52
      247.62        90.51
      252.62        90.52
      257.63        90.53
      262.63        90.54
      267.63        90.54
      272.64        90.55
      273.04        90.55
      278.04        90.53
      283.04        90.49
      288.05        90.46
      293.05        90.43
      298.05        90.38
      303.06        90.37
      308.06        90.35
      313.06        90.32
      318.06        90.31
      323.07        90.29
      328.07        90.29
      333.07        90.31
      338.08        90.32
      343.08        90.32
      348.08        90.32
      353.09        90.30
      358.09        90.28
      363.09        90.26
      368.10        90.24
      373.10        90.23
      378.10        90.20
      383.11        90.21
      388.11        90.18
      393.11        90.16
      398.12        90.15
      403.12        90.15
      408.12        90.15
      413.13        90.14
      418.13        90.12
      423.13        90.12
      428.14        90.11
      433.14        90.09
      438.14        90.07
      443.14        90.05
      448.15        90.03
      453.15        90.03
      458.15        90.02
      463.16        90.02
      468.16        90.02
      473.16        90.03
      478.17        90.04
      483.17        90.03
      488.17        90.01
      493.18        89.98
      498.18        89.95
      503.18        89.93
      508.19        89.91
      513.19        89.89
      518.19        89.88
      523.20        89.87
      528.20        89.86
      533.20        89.86
      538.21        89.88
      543.21        89.88
      548.21        89.88
      553.21        89.88
      558.22        89.88
      562.53        89.85
      567.54        89.83
      572.54        89.81
      577.54        89.78
      582.55        89.74
      587.55        89.73
      592.55        89.72
      597.56        89.71
      602.56        89.71
      607.56        89.72
      612.57        89.69
      617.57        89.67
      622.57        89.66
      627.57        89.64
      632.58        89.65
      637.58        89.63
      642.58        89.62
      647.59        89.62
      652.59        89.63
      657.59        89.62
      662.60        89.59
      667.60        89.55
      672.60        89.50
      677.61        89.47
      682.61        89.45
      687.61        89.44
      692.62        89.42
      697.62        89.42
      702.62        89.41
      707.63        89.41
      712.63        89.39
      717.63        89.38
      722.64        89.35
      727.64        89.33
      732.64        89.32
      737.64        89.31
      742.65        89.30
      747.65        89.29
      752.65        89.27
      757.66        89.27
      762.66        89.25
      767.66        89.23
      772.67        89.20
      777.67        89.19
      782.67        89.15
      787.68        89.14
      792.68        89.12
      797.68        89.11
      802.69        89.10
      807.69        89.09
      812.69        89.09
      817.70        89.08
      822.70        89.07
      827.70        89.06
      832.71        89.05
      837.71        89.03
      842.71        89.01
      847.71        88.99
      852.72        88.97
      857.72        88.97
      862.72        88.95
      867.73        88.94
      872.73        88.91
      877.73        88.90
      882.74        88.89
      887.74        88.87
      892.74        88.87
      897.75        88.84
      902.75        88.83
      907.75        88.81
      912.76        88.80
      917.76        88.80
      922.76        88.78
      927.77        88.79
      932.77        88.78
      937.77        88.76
      942.78        88.75
      947.78        88.73
      952.78        88.68
      957.78        88.67
      962.79        88.64
      967.79        88.61
      972.79        88.61
      977.80        88.61
      982.80        88.62
      987.80        88.60
      992.81        88.61
      997.81        88.59
     1002.81        88.56
     1007.82        88.55
     1012.82        88.52
     1017.82        88.51
     1022.83        88.49
     1027.83        88.47
     1032.83        88.46
     1037.84        88.46
     1042.84        88.45
     1047.84        88.44
     1052.85        88.41
     1057.85        88.38
     1062.85        88.36
     1067.85        88.33
     1072.86        88.31
     1077.86        88.31
     1082.86        88.30
     1087.87        88.29
     1092.87        88.28
     1097.87        88.26
     1102.88        88.29
     1107.88        88.26
     1112.88        88.25
     1117.89        88.22
     1122.89        88.19
     1127.89        88.19
     1132.90        88.16
     1137.90        88.15
     1142.90        88.12
     1147.91        88.11
     1152.91        88.08
     1157.91        88.07
     1162.92        88.07
     1167.92        88.06
     1168.55        88.06
     1173.56        88.08
     1178.56        88.06
     1183.56        88.04
     1188.57        88.03
     1193.57        88.02
     1198.57        88.00
     1203.58        87.99
     1208.58        87.97
     1213.58        87.95
     1218.59        87.92
     1223.59        87.90
     1228.59        87.88
     1233.59        87.86
     1238.60        87.86
     1243.60        87.87
     1248.60        87.86
     1253.61        87.86
     1258.61        87.86
     1263.61        87.84
     1268.62        87.83
     1273.62        87.82
     1278.62        87.80
     1283.63        87.78
     1288.63        87.77
     1293.63        87.77
     1298.64        87.76
     1303.64        87.75
     1308.64        87.73
     1313.65        87.71
     1318.65        87.71
     1323.65        87.70
     1328.66        87.69
     1333.66        87.67
     1338.66        87.67
     1343.66        87.67
     1348.67        87.66
     1353.67        87.66
     1358.67        87.63
     1363.68        87.63
     1368.68        87.60
     1373.68        87.57
     1378.69        87.55
     1383.69        87.55
     1388.69        87.56
     1393.70        87.54
     1398.70        87.52
     1403.70        87.53
     1408.71        87.53
     1413.71        87.47
     1418.71        87.52
     1423.72        87.49
     1428.72        87.48
     1433.72        87.48
     1438.72        87.45
     1443.73        87.43
     1448.73        87.42
     1453.73        87.41
     1458.74        87.40
     1463.74        87.38
     1468.74        87.38
     1473.75        87.36
     1478.75        87.36
     1483.75        87.34
     1488.76        87.34
     1493.76        87.32
     1498.76        87.31
     1503.77        87.26
     1508.77        87.32
     1513.77        87.32
     1518.78        87.30
     1523.78        87.26
     1528.78        87.25
     1533.79        87.23
     1538.79        87.23
     1543.79        87.22
     1548.79        87.22
     1553.80        87.15
     1558.80        87.18
     1563.80        87.16
     1568.81        87.15
     1573.81        87.12
     1578.81        87.15
     1583.82        87.13
     1588.82        87.14
     1593.82        87.12
     1598.83        87.11
     1603.83        87.06
     1608.83        87.07
     1613.84        86.98
     1618.84        87.02
     1623.84        87.07
     1628.85        87.02
     1633.85        87.04
     1638.85        87.06
     1643.85        87.02
     1648.86        87.00
     1653.86        87.00
     1658.86        86.91
     1663.87        86.92
     1668.87        86.93
     1673.87        86.96
     1678.88        86.95
     1683.88        86.91
     1688.88        86.94
     1693.89        86.96
     1698.89        86.84
     1703.89        86.91
     1708.90        86.92
     1713.90        86.91
     1718.90        86.80
     1723.91        86.81
     1728.91        86.86
     1733.91        86.83
     1738.92        86.83
     1743.92        86.86
     1748.92        86.80
     1753.92        86.80
     1758.93        86.81
     1763.93        86.75
     1768.93        86.80
     1773.94        86.79
     1778.94        86.73
     1783.94        86.69
     1788.95        86.69
     1793.95        86.73
     1798.95        86.72
     1803.96        86.74
     1808.96        86.72
     1813.96        86.70
     1818.97        86.68
     1823.97        86.70
     1828.97        86.63
     1833.98        86.66
     1838.98        86.63
     1843.98        86.64
     1848.98        86.60
     1853.99        86.62
     1858.99        86.62
     1863.99        86.66
     1869.00        86.58
     1874.00        86.57
     1879.00        86.57
     1884.01        86.56
     1889.01        86.55
     1894.01        86.55
     1899.02        86.53
     1902.81        86.57
     1907.82        86.51
     1912.82        86.53
     1917.82        86.51
     1922.83        86.51
     1927.83        86.51
     1932.83        86.56
     1937.84        86.51
     1942.84        86.43
     1947.84        86.55
     1952.85        86.43
     1957.85        86.47
     1962.85        86.48
     1967.85        86.42
     1972.86        86.37
     1977.86        86.38
     1982.86        86.42
     1987.87        86.38
     1992.87        86.36
     1997.87        86.43
     2002.88        86.37
     2007.88        86.39
     2012.88        86.30
     2017.89        86.40
     2022.89        86.32
     2027.89        86.33
     2032.90        86.27
     2037.90        86.24
     2042.90        86.29
     2047.91        86.21
     2052.91        86.26
     2057.91        86.29
     2062.91        86.22
     2067.92        86.28
     2072.92        86.27
     2077.92        86.23
     2082.93        86.21
     2087.93        86.24
     2092.93        86.26
     2097.94        86.16
     2102.94        86.17
     2107.94        86.17
     2112.95        86.13
     2117.95        86.18
     2122.95        86.11
     2127.96        86.15
     2132.96        86.15
     2137.96        86.18
     2142.97        86.18
     2147.97        86.20
     2152.97        86.13
     2157.97        86.11
     2162.98        86.14
     2167.98        86.14
     2172.98        86.13
     2177.99        86.14
     2182.99        86.08
     2187.99        86.09
     2193.00        86.06
     2198.00        85.97
     2203.00        86.05
     2208.01        86.05
     2213.01        85.97
     2218.01        86.04
     2223.02        85.98
     2228.02        86.05
     2233.02        86.02
     2238.03        85.99
     2243.03        86.02
     2248.03        85.93
     2253.03        85.98
     2258.04        85.87
     2263.04        85.96
     2268.04        85.97
     2273.05        85.96
     2278.05        85.93
     2283.05        85.99
     2288.06        85.94
     2293.06        85.96
     2298.06        85.91
     2303.07        85.84
     2308.07        85.88
     2313.07        85.88
     2318.08        85.88
     2323.08        85.86
     2328.08        85.75
     2333.09        85.88
     2338.09        85.85
     2343.09        85.86
     2348.09        85.85
     2353.10        85.89
     2358.10        85.85
     2363.10        85.82
     2368.11        85.80
     2373.11        85.77
     2378.11        85.72
     2383.12        85.72
     2388.12        85.73
     2393.12        85.69
     2398.13        85.74
     2403.13        85.67
     2408.13        85.72
     2413.14        85.71
     2418.14        85.70
     2423.14        85.66
     2428.15        85.75
     2433.15        85.68
     2438.15        85.65
     2443.16        85.66
     2448.16        85.61
     2453.16        85.62
     2458.16        85.59
     2463.17        85.61
     2468.17        85.60
     2473.17        85.63
     2478.18        85.63
     2483.18        85.61
     2488.18        85.59
     2493.19        85.59
     2498.19        85.57
     2503.19        85.56
     2508.20        85.55
     2513.20        85.55
     2518.20        85.55
     2523.21        85.56
     2528.21        85.56
     2533.21        85.52
     2538.22        85.53
     2543.22        85.49
     2548.22        85.49
     2553.22        85.50
     2558.23        85.48
     2563.23        85.45
     2568.23        85.44
     2573.24        85.43
     2578.24        85.44
     2583.24        85.44
     2588.25        85.43
     2593.25        85.44
     2598.25        85.42
     2603.26        85.43
     2608.26        85.44
     2613.26        85.44
     2618.27        85.46
     2623.27        85.46
     2628.27        85.42
     2633.28        85.40
     2638.28        85.36
     2643.28        85.34
     2648.28        85.31
     2653.29        85.31
     2658.29        85.32
     2663.29        85.32
     2668.30        85.31
     2673.30        85.31
     2678.30        85.37
     2683.31        85.35
     2688.31        85.35
     2693.31        85.32
     2698.32        85.25
     2703.32        85.30
     2708.32        85.29
     2713.33        85.29
     2718.33        85.27
     2723.33        85.29
     2728.34        85.27
     2733.34        85.27
     2738.34        85.25
     2743.34        85.23
     2748.35        85.23
     2753.35        85.22
     2758.35        85.21
     2763.36        85.20
     2768.36        85.23
     2773.36        85.22
     2778.37        85.23
     2783.37        85.22
     2788.37        85.20
     2793.38        85.19
     2798.38        85.18
     2803.38        85.15
     2808.39        85.17
     2813.39        85.17
     2818.39        85.16
     2823.39        85.17
     2828.40        85.16
     2833.40        85.18
     2838.40        85.17
     2843.41        85.16
     2848.41        85.15
     2853.41        85.13
     2858.42        85.11
     2863.42        85.13
     2868.42        85.12
     2873.43        85.11
     2878.43        85.11
     2883.43        85.10
     2888.44        85.09
     2893.44        85.07
     2898.44        85.07
     2903.45        85.09
     2908.45        85.06
     2913.45        85.06
     2918.45        85.07
     2923.46        85.07
     2928.46        85.06
     2933.46        85.05
     2938.47        85.07
     2943.47        85.08
     2948.47        85.06
     2953.48        85.05
     2958.48        85.02
     2963.48        85.02
     2968.49        85.01
     2973.49        84.98
     2978.49        84.95
     2983.50        84.98
     2988.50        85.02
     2993.50        85.02
     2998.51        85.02
     3003.51        84.99
     3008.51        84.98
     3013.51        84.94
     3018.52        84.93
     3023.52        84.95
     3028.52        84.94
     3033.53        84.92
     3038.53        84.94
     3043.53        84.97
     3048.54        84.93
     3053.54        84.97
     3058.54        84.97
     3063.55        84.96
     3068.55        84.94
     3073.55        84.93
     3078.56        84.91
     3083.56        84.89
     3088.56        84.89
     3093.57        84.88
     3098.57        84.82
     3103.57        84.87
     3108.57        84.87
     3113.58        84.88
     3118.58        84.89
     3123.58        84.87
     3128.59        84.85
     3133.59        84.86
     3138.59        84.85
     3143.60        84.83
     3148.60        84.84
     3153.60        84.86
     3158.61        84.83
     3163.61        84.84
     3168.61        84.83
     3173.62        84.82
     3178.62        84.82
     3183.62        84.81
     3188.63        84.79
     3193.63        84.77
     3198.63        84.80
     3203.63        84.77
     3208.64        84.77
     3213.64        84.76
     3218.64        84.79
     3223.65        84.76
     3228.65        84.76
     3233.65        84.74
     3238.66        84.74
     3243.66        84.73
     3248.66        84.73
     3253.67        84.74
     3258.67        84.71
     3263.67        84.76
     3268.68        84.77
     3273.68        84.75
     3278.68        84.73
     3283.68        84.72
     3288.69        84.68
     3293.69        84.71
     3298.69        84.70
     3303.70        84.70
     3308.70        84.74
     3313.70        84.65
     3318.71        84.61
     3323.71        84.64
     3328.71        84.58
     3333.72        84.61
     3338.72        84.65
     3343.72        84.62
     3348.73        84.63
     3353.73        84.65
     3358.73        84.64
     3363.74        84.64
     3368.74        84.56
     3373.74        84.64
     3378.74        84.61
     3383.75        84.63
     3388.75        84.67
     3393.75        84.56
     3398.76        84.65
     3403.20        84.60
     3408.20        84.65
     3413.21        84.59
     3418.21        84.60
     3423.21        84.59
     3428.21        84.59
     3433.22        84.53
     3438.22        84.61
     3443.22        84.62
     3448.23        84.53
     3453.23        84.50
     3458.23        84.51
     3463.24        84.58
     3468.24        84.53
     3473.24        84.51
     3478.25        84.57
     3483.25        84.57
     3488.25        84.51
     3493.26        84.56
     3498.26        84.56
     3503.26        84.56
     3508.27        84.46
     3513.27        84.43
     3518.27        84.46
     3523.27        84.48
     3528.28        84.52
     3533.28        84.46
     3538.28        84.52
     3543.29        84.47
     3548.29        84.47
     3553.29        84.50
     3558.30        84.47
     3563.30        84.53
     3568.30        84.48
     3573.31        84.37
     3578.31        84.47
     3583.31        84.45
     3588.32        84.48
     3593.32        84.42
     3598.32        84.45
     3603.33        84.46
     3608.33        84.36
     3613.33        84.42
     3618.33        84.43
     3623.34        84.45
     3628.34        84.39
     3633.34        84.40
     3638.35        84.42
     3643.35        84.39
     3648.35        84.40
     3653.36        84.40
     3658.36        84.41
     3663.36        84.39
     3668.37        84.38
     3673.37        84.40
     3678.37        84.42
     3683.38        84.42
     3688.38        84.37
     3693.38        84.39
     3698.38        84.39
     3703.39        84.41
     3708.39        84.39
     3713.39        84.32
     3718.40        84.35
     3723.40        84.34
     3728.40        84.28
     3733.41        84.30
     3738.41        84.30
     3743.41        84.28
     3748.42        84.33
     3753.42        84.34
     3758.42        84.26
     3763.43        84.30
     3768.43        84.35
     3773.43        84.29
     3778.43        84.27
     3783.44        84.30
     3788.44        84.31
     3793.44        84.28
     3798.45        84.23
     3803.45        84.27
     3808.45        84.29
     3813.46        84.33
     3818.46        84.25
     3823.46        84.24
     3828.47        84.23
     3833.47        84.25
     3838.47        84.18
     3843.48        84.22
     3848.48        84.28
     3853.48        84.28
     3858.49        84.24
     3863.49        84.25
     3868.49        84.24
     3873.49        84.18
     3878.50        84.19
     3883.50        84.19
     3888.50        84.15
     3893.51        84.13
     3898.51        84.18
     3903.51        84.16
     3908.52        84.18
     3913.52        84.19
     3918.52        84.19
     3923.53        84.20
     3928.53        84.21
     3933.53        84.19
     3938.54        84.18
     3943.54        84.14
     3948.54        84.16
     3953.54        84.16
     3958.55        84.15
     3963.55        84.13
     3968.55        84.16
     3973.56        84.15
     3978.56        84.15
     3983.56        84.15
     3988.57        84.15
     3993.57        84.14
     3998.57        84.12
     4003.58        84.10
     4008.58        84.13
     4013.58        84.13
     4018.59        84.11
     4023.59        84.13
     4028.59        84.11
     4033.60        84.14
     4038.60        84.13
     4043.60        84.11
     4048.60        84.04
     4053.61        84.04
     4058.61        84.06
     4063.61        84.06
     4068.62        84.07
     4073.62        84.07
     4078.62        84.07
     4083.63        84.07
     4088.63        84.07
     4093.63        84.09
     4098.64        84.08
     4103.64        84.08
     4108.64        84.07
     4113.65        84.06
     4118.65        84.06
     4123.65        84.06
     4128.65        84.05
     4133.66        84.04
     4138.66        84.03
     4143.66        84.01
     4148.67        83.98
     4153.67        83.96
     4158.67        83.95
     4163.68        83.94
     4168.68        83.96
     4173.68        83.96
     4178.69        84.00
     4183.69        84.01
     4188.69        84.02
     4193.70        84.00
     4198.70        83.97
     4203.70        83.93
     4208.70        83.95
     4213.71        83.95
     4218.71        83.93
     4223.71        83.92
     4228.72        83.90
     4233.72        83.90
     4238.72        83.94
     4243.73        83.97
     4248.73        83.95
     4253.73        83.91
     4258.74        83.87
     4263.74        83.87
     4268.74        83.86
     4273.75        83.86
     4278.75        83.85
     4283.75        83.87
     4288.76        83.85
     4293.76        83.87
     4298.76        83.85
     4303.76        83.86
     4308.77        83.85
     4313.77        83.84
     4318.77        83.84
     4323.78        83.85
     4328.78        83.87
     4333.78        83.88
     4338.79        83.88
     4343.79        83.85
     4348.79        83.83
     4353.80        83.82
     4358.80        83.82
     4363.80        83.82
     4368.81        83.82
     4373.81        83.86
     4378.81        83.86
     4383.81        83.87
     4388.82        83.84
     4393.82        83.83
     4398.82        83.85
     4403.83        83.84
     4408.83        83.83
     4413.83        83.79
     4418.84        83.78
     4423.84        83.78
     4428.84        83.78
     4433.85        83.80
     4438.85        83.81
     4443.85        83.84
     4448.86        83.87
     4453.86        83.85
     4458.86        83.82
     4463.86        83.80
     4468.87        83.79
     4473.87        83.77
     4478.87        83.77
     4483.88        83.75
     4488.88        83.75
     4493.88        83.76
     4498.89        83.76
     4503.89        83.77
     4508.89        83.75
     4513.90        83.77
     4518.90        83.77
     4523.90        83.77
     4528.91        83.77
     4533.91        83.75
     4538.91        83.74
     4543.91        83.72
     4548.92        83.71
     4553.92        83.72
     4558.92        83.69
     4563.93        83.71
     4568.93        83.72
     4573.93        83.72
     4578.94        83.73
     4583.94        83.70
     4588.94        83.70
     4593.95        83.68
     4598.95        83.67
     4603.95        83.66
     4608.96        83.67
     4613.96        83.64
     4618.96        83.64
     4623.96        83.62
     4628.97        83.65
     4633.97        83.65
     4638.97        83.66
     4643.98        83.68
     4648.98        83.68
     4653.98        83.65
     4658.99        83.61
     4663.99        83.62
     4668.99        83.62
     4674.00        83.65
     4679.00        83.63
     4684.00        83.64
     4689.01        83.64
     4694.01        83.63
     4699.01        83.64
     4704.02        83.62
     4709.02        83.62
     4714.02        83.62
     4719.02        83.63
     4719.37        83.63
     4724.38        83.63
     4729.38        83.63
     4734.38        83.65
     4739.38        83.65
     4744.39        83.64
     4749.39        83.63
     4754.39        83.62
     4759.40        83.60
     4764.40        83.58
     4769.40        83.56
     4774.41        83.54
     4779.41        83.55
     4784.41        83.57
     4789.42        83.58
     4794.42        83.61
     4799.42        83.60
     4804.43        83.60
     4809.43        83.59
     4814.43        83.57
     4819.43        83.57
     4824.44        83.57
     4829.44        83.59
     4834.44        83.59
     4839.45        83.57
     4844.45        83.57
     4849.45        83.54
     4854.46        83.52
     4859.46        83.53
     4864.46        83.53
     4869.47        83.54
     4874.47        83.54
     4879.47        83.55
     4884.48        83.54
     4889.48        83.53
     4894.48        83.51
     4899.48        83.50
     4904.49        83.51
     4909.49        83.52
     4914.49        83.54
     4919.50        83.54
     4924.50        83.54
     4929.50        83.52
     4934.51        83.48
     4939.51        83.45
     4944.51        83.45
     4949.52        83.44
     4954.52        83.45
     4959.52        83.45
     4964.53        83.49
     4969.53        83.51
     4974.53        83.48
     4979.53        83.47
     4984.54        83.47
     4989.54        83.45
     4994.54        83.44
     4999.55        83.44
     5004.55        83.43
     5009.55        83.46
     5014.56        83.41
     5019.56        83.40
     5024.56        83.40
     5029.57        83.39
     5034.57        83.41
     5039.57        83.43
     5044.58        83.44
     5049.58        83.44
     5054.58        83.44
     5059.58        83.42
     5064.59        83.40
     5069.59        83.40
     5074.59        83.41
     5079.60        83.39
     5084.60        83.40
     5089.60        83.38
     5094.61        83.37
     5099.61        83.37
     5104.61        83.38
     5109.62        83.36
     5114.62        83.36
     5119.62        83.37
     5124.63        83.36
     5129.63        83.34
     5134.63        83.32
     5139.63        83.33
     5144.64        83.32
     5149.64        83.34
     5154.64        83.35
     5159.65        83.35
     5164.65        83.36
     5169.65        83.34
     5174.66        83.32
     5179.66        83.28
     5184.66        83.29
     5189.67        83.27
     5194.67        83.25
     5199.67        83.27
     5204.68        83.25
     5209.68        83.26
     5214.68        83.25
     5219.68        83.26
     5224.69        83.23
     5229.69        83.21
     5234.69        83.20
     5239.70        83.18
     5244.70        83.22
     5249.70        83.25
     5254.71        83.27
     5259.71        83.25
     5264.71        83.22
     5269.72        83.21
     5274.72        83.19
     5279.72        83.20
     5284.73        83.19
     5289.73        83.20
     5294.73        83.22
     5299.73        83.21
     5304.74        83.20
     5309.74        83.20
     5314.74        83.18
     5319.75        83.15
     5324.75        83.15
     5329.75        83.15
     5334.76        83.15
     5339.76        83.17
     5344.76        83.16
     5349.77        83.15
     5354.77        83.12
     5359.77        83.10
     5364.78        83.09
     5369.78        83.08
     5374.78        83.08
     5379.78        83.10
     5384.79        83.13
     5389.79        83.14
     5394.79        83.13
     5399.80        83.10
     5404.80        83.08
     5409.80        83.09
     5414.81        83.09
     5419.81        83.09
     5424.81        83.08
     5429.82        83.07
     5434.82        83.06
     5439.82        83.05
     5444.83        83.05
     5449.83        83.06
     5454.83        83.06
     5459.83        83.06
     5464.84        83.05
     5469.84        83.04
     5474.84        83.05
     5479.85        83.04
     5484.85        83.02
     5489.85        83.05
     5494.86        83.03
     5499.86        83.04
     5504.86        83.04
     5509.87        83.03
     5514.87        83.03
     5519.87        83.03
     5524.87        83.04
     5529.88        83.04
     5534.88        83.05
     5539.88        83.02
     5544.89        83.01
     5549.89        83.01
     5554.89        83.02
     5559.90        83.02
     5564.90        83.04
     5569.90        83.05
     5574.91        83.04
     5579.91        83.01
     5584.91        83.03
     5589.92        83.02
     5594.92        83.01
     5599.92        83.02
     5602.60        83.01
     5607.60        83.00
     5612.60        82.98
     5617.61        82.99
     5622.61        82.98
     5627.61        82.98
     5632.62        83.00
     5637.62        83.01
     5642.62        82.99
     5647.62        82.99
     5652.63        82.98
     5657.63        82.97
     5662.63        82.95
     5667.64        82.94
     5672.64        82.91
     5677.64        82.93
     5682.65        82.95
     5687.65        82.96
     5692.65        82.94
     5697.66        82.94
     5702.66        82.93
     5707.66        82.93
     5712.66        82.92
     5717.67        82.92
     5722.67        82.90
     5727.67        82.90
     5732.68        82.92
     5737.68        82.93
     5742.68        82.91
     5747.69        82.91
     5752.69        82.89
     5757.69        82.89
     5762.70        82.88
     5767.70        82.90
     5772.70        82.90
     5777.71        82.90
     5782.71        82.91
     5787.71        82.88
     5792.71        82.87
     5797.72        82.85
     5802.72        82.85
     5807.72        82.81
     5812.73        82.80
     5817.73        82.82
     5822.73        82.87
     5827.74        82.84
     5832.74        82.87
     5837.74        82.86
     5842.75        82.83
     5847.75        82.81
     5852.75        82.84
     5857.76        82.85
     5862.76        82.84
     5867.76        82.86
     5872.76        82.85
     5877.77        82.82
     5882.77        82.82
     5887.77        82.80
     5892.78        82.78
     5897.78        82.79
     5902.78        82.80
     5907.79        82.80
     5912.79        82.81
     5917.79        82.81
     5922.80        82.81
     5927.80        82.81
     5932.80        82.82
     5937.81        82.82
     5942.81        82.82
     5947.81        82.79
     5952.81        82.77
     5957.82        82.75
     5962.82        82.75
     5967.82        82.76
     5972.83        82.77
     5977.83        82.78
     5982.83        82.80
     5987.84        82.81
     5992.84        82.80
     5997.84        82.79
     6002.85        82.77
     6007.85        82.74
     6012.85        82.74
     6017.85        82.73
     6022.86        82.73
     6027.86        82.73
     6032.86        82.74
     6037.87        82.75
     6042.87        82.77
     6047.87        82.78
     6052.88        82.78
     6057.88        82.76
     6062.88        82.76
     6067.89        82.74
     6072.89        82.70
     6077.89        82.68
     6082.90        82.68
     6087.90        82.68
     6092.90        82.70
     6097.90        82.70
     6102.91        82.74
     6107.91        82.73
     6112.91        82.71
     6117.92        82.71
     6122.92        82.70
     6127.92        82.69
     6132.93        82.68
     6137.93        82.69
     6142.93        82.69
     6147.94        82.68
     6152.94        82.68
     6157.94        82.66
     6162.95        82.67
     6167.95        82.67
     6172.95        82.68
     6177.95        82.67
     6182.96        82.70
     6187.96        82.71
     6192.96        82.70
     6197.97        82.69
     6202.97        82.65
     6207.97        82.63
     6212.98        82.64
     6217.98        82.64
     6222.98        82.67
     6227.99        82.67
     6232.99        82.69
     6237.99        82.68
     6242.99        82.67
     6248.00        82.67
     6253.00        82.68
     6258.00        82.68
     6263.01        82.67
     6268.01        82.66
     6273.01        82.64
     6278.02        82.63
     6283.02        82.63
     6288.02        82.64
     6293.03        82.64
     6298.03        82.65
     6303.03        82.65
     6308.04        82.64
     6313.04        82.63
     6318.04        82.63
     6323.04        82.63
     6328.05        82.63
     6333.05        82.64
     6338.05        82.65
     6343.06        82.66
     6348.06        82.64
     6353.06        82.63
     6358.07        82.61
     6363.07        82.60
     6368.07        82.59
     6373.08        82.58
     6378.08        82.57
     6383.08        82.57
     6388.08        82.59
     6393.09        82.62
     6398.09        82.63
     6403.09        82.63
     6408.10        82.62
     6413.10        82.61
     6418.10        82.59
     6423.11        82.59
     6428.11        82.57
     6433.11        82.56
     6438.12        82.55
     6443.12        82.55
     6448.12        82.54
     6453.13        82.54
     6458.13        82.56
     6463.13        82.55
     6468.13        82.55
     6473.14        82.56
     6478.14        82.54
     6483.14        82.54
     6488.15        82.54
     6493.15        82.53
     6498.15        82.52
     6503.16        82.51
     6508.16        82.51
     6513.16        82.51
     6518.17        82.50
     6523.17        82.50
     6528.17        82.52
     6533.18        82.52
     6538.18        82.51
     6543.18        82.52
     6548.18        82.51
     6553.19        82.49
     6558.19        82.50
     6563.19        82.49
     6568.20        82.49
     6573.20        82.49
     6578.20        82.48
     6583.21        82.49
     6588.21        82.48
     6593.21        82.47
     6598.22        82.46
     6603.22        82.45
     6608.22        82.45
     6613.22        82.46
     6618.23        82.47
     6623.23        82.49
     6628.23        82.49
     6633.24        82.47
     6638.24        82.45
     6643.24        82.46
     6648.25        82.45
     6653.25        82.44
     6658.25        82.45
     6663.26        82.44
     6668.26        82.42
     6673.26        82.42
     6678.27        82.40
     6683.27        82.40
     6688.27        82.38
     6693.27        82.39
     6698.28        82.42
     6703.28        82.44
     6708.28        82.47
     6713.29        82.45
     6718.29        82.42
     6723.29        82.41
     6728.30        82.39
     6733.30        82.40
     6738.30        82.38
     6743.31        82.37
     6748.31        82.37
     6753.31        82.38
     6758.31        82.37
     6763.32        82.40
     6768.32        82.41
     6773.32        82.40
     6778.33        82.41
     6783.33        82.40
     6788.33        82.40
     6793.34        82.39
     6798.34        82.38
     6803.34        82.38
     6808.35        82.35
     6813.35        82.35
     6818.35        82.36
     6823.35        82.35
     6828.36        82.37
     6833.36        82.39
     6838.36        82.38
     6843.37        82.37
     6848.37        82.38
     6853.37        82.38
     6858.38        82.39
     6863.38        82.39
     6868.38        82.36
     6873.39        82.33
     6878.39        82.35
     6883.39        82.35
     6888.40        82.35
     6893.40        82.34
     6898.40        82.35
     6903.40        82.35
     6908.41        82.36
     6913.41        82.36
     6918.41        82.35
     6923.42        82.33
     6928.42        82.32
     6933.42        82.31
     6938.43        82.30
     6943.43        82.31
     6948.43        82.33
     6953.44        82.34
     6958.44        82.33
     6963.44        82.32
     6968.44        82.32
     6973.45        82.33
     6978.45        82.33
     6983.45        82.32
     6988.46        82.27
     6993.46        82.24
     6998.46        82.24
     7003.47        82.25
     7008.47        82.22
     7013.47        82.24
     7018.48        82.27
     7023.48        82.29
     7028.48        82.30
     7033.49        82.29
     7038.49        82.27
     7039.08        82.27
     7044.08        82.26
     7049.08        82.22
     7054.09        82.24
     7059.09        82.25
     7064.09        82.26
     7069.10        82.29
     7074.10        82.29
     7079.10        82.26
     7084.10        82.25
     7089.11        82.24
     7094.11        82.23
     7099.11        82.21
     7104.12        82.21
     7109.12        82.22
     7114.12        82.23
     7119.13        82.24
     7124.13        82.25
     7129.13        82.25
     7134.14        82.25
     7139.14        82.25
     7144.14        82.23
     7149.14        82.23
     7154.15        82.22
     7159.15        82.22
     7164.15        82.23
     7169.16        82.23
     7174.16        82.23
     7179.16        82.22
     7184.17        82.22
     7189.17        82.23
     7194.17        82.22
     7199.18        82.20
     7204.18        82.17
     7209.18        82.17
     7214.19        82.16
     7219.19        82.17
     7224.19        82.19
     7229.19        82.23
     7234.20        82.22
     7239.20        82.20
     7244.20        82.19
     7249.21        82.19
     7254.21        82.19
     7259.21        82.19
     7264.22        82.19
     7269.22        82.18
     7274.22        82.17
     7279.23        82.15
     7284.23        82.16
     7289.23        82.15
     7294.23        82.17
     7299.24        82.18
     7304.24        82.18
     7309.24        82.19
     7314.25        82.18
     7319.25        82.18
     7324.25        82.19
     7329.26        82.18
     7334.26        82.20
     7339.26        82.19
     7344.27        82.18
     7349.27        82.18
     7354.27        82.17
     7359.27        82.18
     7364.28        82.19
     7369.28        82.18
     7374.28        82.18
     7379.29        82.18
     7384.29        82.16
     7389.29        82.15
     7394.30        82.15
     7399.30        82.12
     7404.30        82.13
     7409.31        82.14
     7414.31        82.14
     7419.31        82.14
     7424.31        82.16
     7429.32        82.14
     7434.32        82.14
     7439.32        82.14
     7444.33        82.16
     7449.33        82.16
     7454.33        82.15
     7459.34        82.14
     7464.34        82.11
     7469.34        82.08
     7474.35        82.08
     7479.35        82.09
     7484.35        82.07
     7489.36        82.05
     7494.36        82.08
     7499.36        82.11
     7504.36        82.14
     7509.37        82.13
     7514.37        82.11
     7519.37        82.07
     7524.38        82.06
     7529.38        82.05
     7534.38        82.02
     7539.39        82.05
     7544.39        82.04
     7549.39        82.04
     7554.40        82.02
     7559.40        82.04
     7564.40        82.05
     7569.40        82.03
     7574.41        82.03
     7579.41        82.03
     7584.41        82.00
     7589.42        82.03
     7594.42        82.02
     7599.42        82.01
     7604.43        81.97
     7609.43        81.98
     7614.43        81.96
     7619.44        81.94
     7624.44        81.96
     7629.44        81.97
     7634.44        81.98
     7639.45        81.99
     7644.45        81.97
     7649.45        81.94
     7654.46        81.92
     7659.46        81.91
     7664.46        81.90
     7669.47        81.91
     7674.47        81.93
     7679.47        81.92
     7684.48        81.91
     7689.48        81.91
     7694.48        81.91
     7699.48        81.92
     7704.49        81.90
     7709.49        81.87
     7714.49        81.85
     7719.50        81.82
     7724.50        81.81
     7729.50        81.80
     7734.51        81.79
     7739.51        81.79
     7744.51        81.80
     7749.52        81.81
     7754.52        81.82
     7759.52        81.82
     7764.53        81.82
     7769.53        81.79
     7774.53        81.77
     7779.53        81.74
     7784.54        81.73
     7789.54        81.70
     7794.54        81.69
     7799.55        81.70
     7804.55        81.69
     7809.55        81.69
     7814.56        81.69
     7819.56        81.68
     7824.56        81.67
     7829.57        81.67
     7834.57        81.65
     7839.57        81.61
     7844.57        81.59
     7849.58        81.57
     7854.58        81.59
     7859.58        81.56
     7864.59        81.55
     7869.59        81.54
     7874.59        81.54
     7879.60        81.53
     7884.60        81.52
     7889.60        81.52
     7894.61        81.51
     7899.61        81.48
     7904.61        81.49
     7909.61        81.48
     7914.62        81.49
     7919.62        81.49
     7924.62        81.46
     7929.63        81.44
     7934.63        81.44
     7939.63        81.39
     7944.64        81.38
     7949.64        81.38
     7954.64        81.36
     7959.65        81.36
     7964.65        81.36
     7969.65        81.40
     7974.65        81.37
     7979.66        81.32
     7984.66        81.32
     7989.66        81.29
     7994.67        81.28
     7999.67        81.26
     8004.67        81.27
     8009.68        81.26
     8014.68        81.25
     8019.68        81.26
     8024.69        81.26
     8029.69        81.26
     8034.69        81.25
     8039.69        81.22
     8044.70        81.20
     8049.70        81.18
     8054.70        81.18
     8059.71        81.17
     8064.71        81.16
     8069.71        81.14
     8074.72        81.15
     8079.72        81.11
     8084.72        81.07
     8089.73        81.06
     8094.73        81.03
     8099.73        81.03
     8104.73        81.08
     8109.74        81.13
     8114.74        81.07
     8119.74        81.00
     8124.75        80.98
     8129.75        80.96
     8134.75        80.94
     8139.76        80.92
     8144.76        80.92
     8149.76        80.91
     8154.77        80.93
     8159.77        80.94
     8164.77        80.94
     8169.78        80.91
     8174.78        80.89
     8179.78        80.88
     8184.78        80.87
     8189.79        80.84
     8194.79        80.85
     8199.79        80.81
     8204.80        80.82
     8209.80        80.79
     8214.80        80.79
     8219.81        80.77
     8224.81        80.77
     8229.81        80.74
     8234.82        80.74
     8239.82        80.72
     8244.82        80.74
     8249.82        80.73
     8254.83        80.70
     8259.83        80.69
     8264.83        80.68
     8269.84        80.65
     8274.84        80.65
     8279.84        80.65
     8284.85        80.63
     8289.85        80.61
     8294.85        80.60
     8299.86        80.58
     8304.86        80.59
     8309.86        80.59
     8314.86        80.57
     8319.87        80.55
     8324.87        80.50
     8329.87        80.50
     8334.88        80.48
     8339.88        80.47
     8344.88        80.47
     8349.89        80.46
     8354.89        80.46
     8354.90        80.46
     8359.90        80.46
     8364.90        80.46
     8369.91        80.44
     8374.91        80.42
     8379.91        80.41
     8384.92        80.38
     8389.92        80.35
     8394.92        80.35
     8399.92        80.31
     8404.93        80.28
     8409.93        80.33
     8414.93        80.31
     8419.94        80.31
     8424.94        80.31
     8429.94        80.27
     8434.95        80.28
     8439.95        80.30
     8444.95        80.28
     8449.96        80.22
     8454.96        80.21
     8459.96        80.23
     8464.97        80.21
     8469.97        80.23
     8474.97        80.21
     8479.97        80.17
     8484.98        80.13
     8489.98        80.11
     8494.98        80.10
     8499.99        80.09
     8504.99        80.07
     8509.99        80.05
     8515.00        80.08
     8520.00        80.07
     8525.00        80.07
     8530.01        80.08
     8535.01        80.07
     8540.01        80.05
     8545.01        80.04
     8550.02        80.00
     8555.02        79.98
     8560.02        79.98
     8565.03        79.96
     8570.03        79.94
     8575.03        79.92
     8580.04        79.91
     8585.04        79.91
     8590.04        79.89
     8595.05        79.92
     8600.05        79.89
     8605.05        79.88
     8610.05        79.84
     8615.06        79.83
     8620.06        79.82
     8625.06        79.83
     8630.07        79.84
     8635.07        79.80
     8640.07        79.78
     8645.08        79.77
     8650.08        79.76
     8655.08        79.76
     8660.09        79.75
     8665.09        79.74
     8670.09        79.74
     8675.09        79.71
     8680.10        79.70
     8685.10        79.66
     8690.10        79.63
     8695.11        79.62
     8700.11        79.61
     8705.11        79.59
     8710.12        79.59
     8715.12        79.62
     8720.12        79.61
     8725.13        79.60
     8730.13        79.58
     8735.13        79.56
     8740.13        79.53
     8745.14        79.52
     8750.14        79.50
     8755.14        79.49
     8760.15        79.45
     8765.15        79.45
     8770.15        79.43
     8775.16        79.43
     8780.16        79.42
     8785.16        79.41
     8790.17        79.39
     8795.17        79.38
     8800.17        79.37
     8805.17        79.36
     8810.18        79.34
     8815.18        79.31
     8820.18        79.28
     8825.19        79.26
     8830.19        79.26
     8835.19        79.26
     8840.20        79.26
     8845.20        79.25
     8850.20        79.21
     8855.20        79.19
     8860.21        79.18
     8865.21        79.18
     8870.21        79.17
     8875.22        79.15
     8880.22        79.13
     8885.22        79.11
     8890.23        79.09
     8895.23        79.08
     8900.23        79.07
     8905.24        79.06
     8910.24        79.05
     8915.24        79.04
     8920.24        79.01
     8925.25        79.01
     8930.25        79.00
     8935.25        78.98
     8940.26        78.95
     8945.26        78.92
     8950.26        78.90
     8955.27        78.89
     8960.27        78.87
     8965.27        78.84
     8970.28        78.83
     8975.28        78.83
     8980.28        78.82
     8985.28        78.81
     8990.29        78.81
     8995.29        78.79
     9000.29        78.77
     9005.30        78.75
     9010.30        78.71
     9015.30        78.70
     9020.31        78.68
     9025.31        78.66
     9030.31        78.65
     9035.32        78.61
     9040.32        78.57
     9045.32        78.57
     9050.32        78.57
     9055.33        78.56
     9060.33        78.55
     9065.33        78.55
     9070.34        78.50
     9075.34        78.49
     9080.34        78.46
     9085.35        78.44
     9090.35        78.41
     9095.35        78.39
     9100.36        78.39
     9105.36        78.37
     9110.36        78.36
     9115.36        78.35
     9120.37        78.34
     9125.37        78.33
     9130.37        78.30
     9135.38        78.29
     9140.38        78.26
     9145.38        78.24
     9150.39        78.21
     9155.39        78.18
     9160.39        78.17
     9165.40        78.14
     9170.40        78.11
     9175.40        78.12
     9180.40        78.12
     9185.41        78.13
     9190.41        78.09
     9195.41        78.07
     9200.42        78.04
     9205.42        78.02
     9210.42        78.00
     9215.43        77.99
     9220.43        77.97
     9225.43        77.94
     9230.44        77.93
     9235.44        77.90
     9240.44        77.88
     9245.44        77.87
     9250.45        77.85
     9255.45        77.84
     9260.45        77.81
     9265.46        77.80
     9270.46        77.77
     9275.46        77.76
     9280.47        77.73
     9285.47        77.72
     9290.47        77.68
     9295.48        77.67
     9300.48        77.64
     9305.48        77.61
     9310.48        77.63
     9315.49        77.60
     9320.49        77.58
     9325.49        77.57
     9330.50        77.54
     9335.50        77.51
     9340.50        77.46
     9345.51        77.45
     9350.51        77.43
     9355.51        77.41
     9360.52        77.39
     9365.52        77.36
     9370.52        77.37
     9375.52        77.36
     9380.53        77.36
     9385.53        77.33
     9390.53        77.31
     9395.54        77.29
     9400.54        77.24
     9405.54        77.23
     9410.55        77.18
     9415.55        77.16
     9420.55        77.13
     9425.55        77.10
     9430.56        77.11
     9435.56        77.12
     9440.56        77.09
     9445.57        77.04
     9450.57        77.00
     9455.57        76.98
     9460.58        76.94
     9465.58        76.91
     9470.58        76.90
     9475.59        76.88
     9480.59        76.90
     9485.59        76.88
     9490.59        76.85
     9495.60        76.83
     9500.60        76.80
     9505.60        76.77
     9510.61        76.73
     9515.61        76.71
     9520.61        76.69
     9525.62        76.68
     9530.62        76.66
     9535.62        76.66
     9540.63        76.62
     9545.63        76.60
     9550.63        76.58
     9555.63        76.58
     9560.64        76.53
     9565.64        76.51
     9570.64        76.48
     9575.65        76.47
     9580.65        76.44
     9585.65        76.42
     9590.66        76.40
     9595.66        76.38
     9600.66        76.36
     9605.67        76.35
     9610.67        76.33
     9615.67        76.31
     9620.67        76.27
     9625.68        76.26
     9630.68        76.21
     9635.68        76.20
     9640.69        76.18
     9645.69        76.16
     9650.69        76.13
     9655.70        76.10
     9660.70        76.10
     9665.70        76.07
     9670.71        76.06
     9675.71        76.03
     9680.71        76.00
     9685.71        75.96
     9690.72        75.95
     9695.72        75.94
     9700.72        75.90
     9705.73        75.87
     9710.73        75.87
     9715.73        75.86
     9720.74        75.81
     9725.74        75.80
     9730.74        75.76
     9735.74        75.74
     9740.75        75.72
     9745.75        75.70
     9750.75        75.65
     9755.76        75.61
     9760.76        75.60
     9765.76        75.58
     9770.77        75.56
     9775.77        75.56
     9780.77        75.54
     9785.78        75.51
     9790.78        75.49
     9795.78        75.45
     9800.78        75.42
     9805.79        75.37
     9810.79        75.35
     9815.79        75.32
     9820.80        75.30
     9825.80        75.30
     9830.80        75.26
     9835.81        75.22
     9840.81        75.22
     9845.81        75.19
     9850.82        75.16
     9855.82        75.15
     9860.82        75.09
     9865.82        75.07
     9870.83        75.03
     9875.83        75.03
     9880.83        75.02
     9885.84        74.99
     9890.84        74.99
     9895.84        74.92
     9900.85        74.89
     9905.85        74.86
     9910.85        74.84
     9915.86        74.83
     9920.86        74.82
     9925.86        74.82
     9930.86        74.76
     9935.87        74.71
     9940.87        74.70
     9945.87        74.69
     9950.88        74.67
     9955.88        74.65
     9960.88        74.62
     9965.89        74.59
     9970.89        74.56
     9975.89        74.53
     9980.89        74.50
     9985.90        74.47
     9990.90        74.46
     9995.90        74.44
    10000.91        74.41
    10005.91        74.39
    10010.91        74.36
    10015.92        74.31
    10020.92        74.27
    10025.92        74.26
    10030.93        74.25
    10035.93        74.23
    10040.93        74.21
    10045.93        74.17
    10050.94        74.13
    10055.94        74.11
    10060.94        74.08
    10065.95        74.06
    10070.95        74.06
    10075.95        74.04
    10080.96        74.00
    10085.96        73.93
    10090.96        73.89
    10095.97        73.86
    10100.97        73.85
    10105.97        73.82
    10110.97        73.78
    10115.98        73.80
    10120.98        73.80
    10125.98        73.76
    10130.99        73.72
    10135.99        73.69
    10140.99        73.67
    10146.00        73.63
    10151.00        73.60
    10156.00        73.55
    10161.00        73.53
    10166.01        73.48
    10171.01        73.47
    10176.01        73.44
    10181.02        73.41
    10186.02        73.38
    10191.02        73.36
    10196.03        73.33
    10201.03        73.29
    10206.03        73.26
    10211.04        73.23
    10216.04        73.18
    10221.04        73.20
    10226.04        73.16
    10231.05        73.12
    10236.05        73.10
    10241.05        73.06
    10246.06        73.05
    10251.06        73.05
    10256.06        73.00
    10261.07        72.97
    10266.07        72.94
    10271.07        72.90
    10276.08        72.85
    10281.08        72.83
    10286.08        72.80
    10291.08        72.78
    10296.09        72.77
    10301.09        72.75
    10306.09        72.71
    10311.10        72.69
    10316.10        72.64
    10321.10        72.57
    10326.11        72.53
    10331.11        72.51
    10336.11        72.51
    10341.11        72.52
    10346.12        72.47
    10351.12        72.42
    10356.12        72.38
    10361.13        72.33
    10366.13        72.31
    10371.13        72.29
    10376.14        72.28
    10381.14        72.27
    10386.14        72.21
    10391.15        72.19
    10396.15        72.16
    10401.15        72.12
    10406.15        72.11
    10411.16        72.09
    10416.16        72.06
    10421.16        72.05
    10426.17        72.04
    10431.17        71.99
    10436.17        71.95
    10441.18        71.93
    10446.18        71.90
    10451.18        71.86
    10456.19        71.83
    10461.19        71.77
    10466.19        71.74
    10471.19        71.72
    10476.20        71.68
    10481.20        71.69
    10486.20        71.67
    10491.21        71.64
    10496.21        71.61
    10501.21        71.58
    10506.22        71.54
    10511.22        71.49
    10516.22        71.46
    10521.22        71.43
    10526.23        71.40
    10531.23        71.37
    10536.23        71.36
    10541.24        71.32
    10546.24        71.28
    10551.24        71.22
    10556.25        71.20
    10561.25        71.16
    10566.25        71.16
    10571.26        71.13
    10576.26        71.09
    10581.26        71.05
    10586.26        71.02
    10591.27        70.96
    10596.27        70.93
    10601.27        70.90
    10606.28        70.88
    10611.28        70.82
    10616.28        70.80
    10621.29        70.76
    10626.29        70.73
    10631.29        70.72
    10636.29        70.72
    10641.30        70.67
    10646.30        70.62
    10651.30        70.54
    10656.31        70.57
    10661.31        70.54
    10666.31        70.54
    10671.32        70.54
    10676.32        70.52
    10681.32        70.48
    10686.33        70.45
    10691.33        70.38
    10696.33        70.31
    10701.33        70.26
    10706.34        70.24
    10711.34        70.21
    10716.34        70.19
    10721.35        70.20
    10726.35        70.17
    10731.35        70.12
    10736.36        70.07
    10741.36        70.02
    10746.36        69.98
    10751.37        69.95
    10756.37        69.94
    10761.37        69.90
    10766.37        69.87
    10771.38        69.84
    10776.38        69.81
    10781.38        69.76
    10786.39        69.74
    10791.39        69.69
    10796.39        69.65
    10801.40        69.63
    10806.40        69.59
    10811.40        69.53
    10816.40        69.50
    10821.41        69.49
    10826.41        69.47
    10831.41        69.42
    10836.42        69.39
    10841.42        69.34
    10846.42        69.32
    10851.43        69.29
    10856.43        69.25
    10861.43        69.21
    10866.44        69.16
    10871.44        69.15
    10876.44        69.11
    10881.44        69.05
    10886.45        69.02
    10891.45        68.98
    10896.45        68.93
    10901.46        68.90
    10906.46        68.86
    10911.46        68.80
    10916.47        68.77
    10921.47        68.76
    10926.47        68.73
    10931.47        68.68
    10936.48        68.64
    10941.48        68.59
    10946.48        68.54
    10951.49        68.50
    10956.49        68.47
    10961.49        68.43
    10966.50        68.38
    10971.50        68.36
    10976.50        68.33
    10981.51        68.31
    10985.37        68.25
    10990.37        68.20
    10995.38        68.17
    11000.38        68.10
    11005.38        68.08
    11010.39        68.04
    11015.39        68.02
    11020.39        67.96
    11025.39        67.96
    11030.40        67.85
    11035.40        67.83
    11040.40        67.76
    11045.41        67.76
    11050.41        67.72
    11055.41        67.70
    11060.42        67.65
    11065.42        67.61
    11070.42        67.56
    11075.42        67.51
    11080.43        67.48
    11085.43        67.43
    11090.43        67.40
    11095.44        67.36
    11100.44        67.33
    11105.44        67.28
    11110.45        67.26
    11115.45        67.19
    11120.45        67.12
    11125.46        67.09
    11130.46        67.06
    11135.46        67.01
    11140.46        66.98
    11145.47        66.93
    11150.47        66.86
    11155.47        66.85
    11160.48        66.82
    11165.48        66.80
    11170.48        66.75
    11175.49        66.71
    11180.49        66.63
    11185.49        66.61
    11190.49        66.57
    11195.50        66.49
    11200.50        66.48
    11205.50        66.44
    11210.51        66.36
    11215.51        66.36
    11220.51        66.30
    11225.52        66.19
    11230.52        66.19
    11235.52        66.10
    11240.53        66.04
    11245.53        66.03
    11250.53        66.02
    11255.53        65.98
    11260.54        65.99
    11265.54        65.94
    11270.54        65.88
    11275.55        65.79
    11280.55        65.74
    11285.55        65.64
    11290.56        65.56
    11295.56        65.55
    11300.56        65.58
    11305.56        65.57
    11310.57        65.52
    11315.57        65.49
    11320.57        65.34
    11325.58        65.35
    11330.58        65.23
    11335.58        65.25
    11340.59        65.22
    11345.59        65.12
    11350.59        65.12
    11355.60        65.10
    11360.60        65.03
    11365.60        64.93
    11370.60        64.92
    11375.61        64.84
    11380.61        64.84
    11385.61        64.83
    11390.62        64.68
    11395.62        64.61
    11400.62        64.63
    11405.63        64.56
    11410.63        64.53
    11415.63        64.56
    11420.63        64.46
    11425.64        64.38
    11430.64        64.35
    11435.64        64.27
    11440.65        64.24
    11445.65        64.20
    11450.65        64.15
    11455.66        64.06
    11460.66        63.95
    11465.66        64.10
    11470.67        64.01
    11475.67        63.94
    11480.67        63.93
    11485.67        63.75
    11490.68        63.76
    11495.68        63.71
    11500.68        63.62
    11505.69        63.59
    11510.69        63.64
    11515.69        63.52
    11520.70        63.47
    11525.70        63.36
    11530.70        63.29
    11535.70        63.27
    11540.71        63.27
    11545.71        63.21
    11550.71        63.19
    11555.72        63.14
    11560.72        63.03
    11565.72        63.01
    11570.73        63.02
    11575.73        62.92
    11580.73        62.85
    11585.74        62.86
    11590.74        62.72
    11595.74        62.62
    11600.74        62.58
    11605.75        62.58
    11610.75        62.52
    11615.75        62.52
    11620.76        62.49
    11625.76        62.23
    11630.76        62.33
    11635.77        61.99
    11640.77        62.02
    11645.77        62.15
    11650.77        61.88
    11655.78        61.80
    11660.78        62.09
    11665.78        62.04
    11670.79        61.97
    11675.79        61.95
    11680.79        61.92
    11685.80        61.50
    11690.80        61.79
    11695.80        61.46
    11700.80        61.74
    11705.81        61.59
    11710.81        61.32
    11715.81        61.41
    11720.82        61.51
    11725.82        61.41
    11730.82        61.29
    11735.83        61.27
    11740.83        60.93
    11745.83        61.17
    11750.84        61.16
    11755.84        61.09
    11760.84        61.03
    11765.84        60.87
    11770.85        60.97
    11775.85        60.88
    11780.85        60.81
    11785.86        60.61
    11790.86        60.61
    11795.86        60.56
    11800.87        60.50
    11805.87        60.44
    11810.87        60.48
    11815.87        60.15
    11820.88        60.21
    11825.88        60.14
    11830.88        60.08
    11835.89        60.10
    11840.89        60.06
    11845.89        59.91
    11850.90        59.68
    11855.90        59.48
    11860.90        59.57
    11865.91        59.53
    11870.91        59.54
    11875.91        59.51
    11880.91        59.40
    11885.92        59.42
    11890.92        59.34
    11895.92        59.29
    11900.93        59.27
    11905.93        59.24
    11910.93        59.15
    11915.94        59.14
    11920.94        59.09
    11925.94        59.03
    11930.94        59.05
    11935.95        59.03
    11940.95        58.94
    11945.95        58.90
    11950.96        58.66
    11955.96        58.90
    11960.96        58.89
    11965.97        58.81
    11970.97        58.78
    11975.97        58.77
    11980.97        58.66
    11985.98        58.59
    11990.98        58.34
    11995.98        58.34
    12000.99        58.26
    12005.99        58.15
    12010.99        57.86
    12016.00        57.85
    12021.00        57.79
    12026.00        57.90
    12031.01        57.83
    12036.01        57.86
    12041.01        57.79
    12046.01        57.71
    12051.02        57.66
    12056.02        57.66
    12061.02        57.61
    12066.03        57.30
    12071.03        57.21
    12076.03        57.12
    12081.04        57.11
    12086.04        57.15
    12091.04        57.25
    12096.04        57.19
    12101.05        57.10
    12106.05        56.78
    12111.05        56.74
    12116.06        56.77
    12121.06        56.90
    12126.06        56.91
    12131.07        56.86
    12136.07        56.73
    12141.07        56.62
    12146.07        56.53
    12151.08        56.22
    12156.08        56.38
    12161.08        56.37
    12166.09        56.29
    12171.09        56.32
    12176.09        56.29
    12181.10        56.26
    12186.10        55.92
    12191.10        55.83
    12196.11        55.85
    12201.11        55.88
    12206.11        55.94
    12211.11        55.86
    12216.12        55.75
    12221.12        55.49
    12226.12        55.44
    12231.13        55.38
    12236.13        55.22
    12241.13        55.11
    12246.14        55.14
    12251.14        55.11
    12256.14        55.05
    12261.14        55.16
    12266.15        55.10
    12271.15        55.13
    12276.15        55.12
    12281.16        54.96
    12286.16        54.95
    12291.16        54.94
    12296.17        54.89
    12301.17        54.71
    12306.17        54.58
    12311.17        54.48
    12316.18        54.41
    12321.18        54.29
    12326.18        54.13
    12331.19        54.13
    12336.19        54.10
    12341.19        54.32
    12346.20        54.31
    12351.20        54.15
    12356.20        53.91
    12361.21        53.79
    12366.21        53.73
    12371.21        53.83
    12376.21        53.93
    12381.22        53.97
    12386.22        53.94
    12391.22        53.73
    12396.23        53.67
    12401.23        53.67
    12406.23        53.67
    12411.24        53.35
    12416.24        53.23
    12421.24        53.14
    12426.24        53.25
    12431.25        53.15
    12436.25        53.15
    12441.25        52.91
    12446.26        52.83
    12451.26        52.88
    12456.26        52.95
    12461.27        52.83
    12466.27        52.50
    12471.27        52.44
    12476.27        52.54
    12481.28        52.52
    12486.28        52.40
    12491.28        52.33
    12496.29        52.26
    12501.29        52.18
    12506.29        51.90
    12511.30        51.88
    12516.30        52.03
    12521.30        51.95
    12526.30        51.72
    12531.31        51.46
    12536.31        51.50
    12541.31        51.65
    12546.32        51.63
    12551.32        51.56
    12556.32        51.51
    12561.33        51.47
    12566.33        51.40
    12571.33        51.33
    12576.34        51.25
    12581.34        51.21
    12586.34        51.14
    12591.34        51.07
    12596.35        51.03
    12601.35        50.95
    12606.35        50.87
    12611.36        50.77
    12616.36        50.71
    12621.36        50.66
    12626.37        50.56
    12631.37        50.51
    12636.37        50.43
    12641.37        50.42
    12646.38        50.37
    12651.38        50.34
    12656.38        50.30
    12661.39        50.25
    12666.39        50.17
    12671.39        50.16
    12676.40        50.13
    12681.40        50.02
    12686.40        49.99
    12691.40        49.93
    12696.41        49.86
    12701.41        49.81
    12706.41        49.72
    12711.42        49.67
    12716.42        49.45
    12721.42        49.40
    12726.43        49.32
    12731.43        49.23
    12736.43        49.21
    12741.43        49.17
    12746.44        49.18
    12751.44        49.14
    12756.44        49.07
    12761.45        49.04
    12766.45        48.98
    12771.45        48.92
    12776.46        48.86
    12781.46        48.78
    12786.46        48.71
    12791.47        48.63
    12796.47        48.60
    12801.47        48.48
    12806.47        48.44
    12811.48        48.33
    12816.48        48.19
    12821.48        48.05
    12826.49        48.08
    12831.49        48.05
    12836.49        47.98
    12841.50        47.93
    12846.50        47.89
    12851.50        47.78
    12856.50        47.64
    12861.51        47.56
    12866.51        47.43
    12871.51        47.40
    12876.52        47.34
    12881.52        47.27
    12886.52        47.26
    12891.53        47.19
    12896.53        47.09
    12901.53        47.04
    12906.53        46.98
    12911.54        46.91
    12916.54        46.88
    12921.54        46.84
    12926.55        46.74
    12931.55        46.70
    12936.55        46.67
    12941.56        46.61
    12946.56        46.54
    12951.56        46.45
    12956.56        46.36
    12961.57        46.28
    12966.27        46.25
    12971.28        46.22
    12976.28        46.14
    12981.28        46.02
    12986.29        45.98
    12991.29        45.88
    12996.29        45.78
    13001.30        45.71
    13006.30        45.62
    13011.30        45.52
    13016.30        45.46
    13021.31        45.45
    13026.31        45.42
    13031.31        45.36
    13036.32        45.24
    13041.32        45.17
    13046.32        45.09
    13051.33        45.00
    13056.33        44.92
    13061.33        44.83
    13066.33        44.71
    13071.34        44.63
    13076.34        44.56
    13081.34        44.56
    13086.35        44.47
    13091.35        44.38
    13096.35        44.29
    13101.36        44.16
    13106.36        44.06
    13111.36        43.93
    13116.37        43.84
    13121.37        43.77
    13126.37        43.70
    13131.37        43.64
    13136.38        43.54
    13141.38        43.51
    13146.38        43.39
    13151.39        43.25
    13156.39        43.13
    13161.39        43.05
    13166.40        43.03
    13171.40        42.96
    13176.40        42.94
    13181.40        42.86
    13186.41        42.82
    13191.41        42.78
    13196.41        42.70
    13201.42        42.60
    13206.42        42.51
    13211.42        42.48
    13216.43        42.45
    13221.43        42.42
    13226.43        42.40
    13231.43        42.36
    13236.44        42.33
    13241.44        42.28
    13246.44        42.23
    13251.45        42.11
    13256.45        42.01
    13261.45        41.94
    13266.46        41.87
    13271.46        41.80
    13276.46        41.79
    13281.46        41.76
    13286.47        41.69
    13291.47        41.58
    13296.47        41.52
    13301.48        41.43
    13306.48        41.40
    13311.48        41.36
    13316.49        41.22
    13321.49        41.20
    13326.49        41.17
    13331.49        41.16
    13336.50        41.04
    13341.50        40.98
    13346.50        41.00
    13351.51        40.93
    13356.51        40.98
    13361.51        40.78
    13366.52        40.54
    13371.52        40.47
    13376.52        40.33
    13381.52        40.23
    13386.53        40.25
    13391.53        40.26
    13396.53        40.13
    13401.54        40.10
    13406.54        39.94
    13411.54        39.97
    13416.55        39.86
    13421.55        39.92
    13426.55        39.96
    13431.55        40.07
    13436.56        39.99
    13441.56        39.87
    13446.56        39.87
    13451.57        39.84
    13456.57        39.79
    13461.57        39.93
    13466.58        40.05
    13471.58        39.97
    13476.58        39.98
    13481.59        39.92
    13486.59        39.65
    13491.59        39.74
    13496.59        39.82
    13501.60        39.63
    13506.60        39.49
    13511.60        39.55
    13516.61        39.52
    13521.61        39.49
    13526.61        39.35
    13531.62        39.44
    13536.62        39.63
    13541.62        39.63
    13546.62        39.65
    13551.63        39.61
    13556.63        39.47
    13561.63        39.62
    13566.64        39.57
    13571.64        39.50
    13576.64        39.25
    13581.65        39.40
    13586.65        39.47
    13591.65        39.23
    13596.65        39.16
    13601.66        39.29
    13606.66        39.37
    13611.66        39.25
    13616.67        39.35
    13621.67        39.02
    13626.67        39.00
    13631.68        39.01
    13636.68        39.07
    13641.68        39.25
    13646.68        39.09
    13651.69        38.98
    13656.69        38.91
    13661.69        38.86
    13666.70        38.63
    13671.70        38.79
    13676.70        38.57
    13681.71        38.57
    13686.71        38.53
    13691.71        38.62
    13696.71        38.36
    13701.72        38.54
    13706.72        38.50
    13711.72        38.44
    13716.73        38.46
    13721.73        38.38
    13726.73        38.30
    13731.74        38.24
    13736.74        38.24
    13741.74        38.25
    13746.74        38.16
    13751.75        38.02
    13756.75        37.99
    13761.75        37.81
    13766.76        37.70
    13771.76        37.70
    13776.76        37.69
    13781.77        37.71
    13786.77        37.59
    13791.77        37.54
    13796.77        37.48
    13801.78        37.43
    13806.78        37.37
    13811.78        37.31
    13816.79        37.36
    13821.79        37.31
    13826.79        37.26
    13831.80        37.19
    13836.80        37.21
    13841.80        37.13
    13846.80        37.07
    13851.81        37.00
    13856.81        36.91
    13861.81        36.89
    13866.82        36.84
    13871.82        36.79
    13876.82        36.76
    13881.83        36.65
    13886.83        36.57
    13891.83        36.53
    13896.83        36.46
    13901.84        36.26
    13906.84        36.39
    13911.84        36.32
    13916.85        36.39
    13921.85        36.34
    13926.85        36.24
    13931.86        36.26
    13936.86        36.11
    13941.86        36.07
    13946.86        36.04
    13951.87        36.02
    13956.87        35.88
    13961.87        35.85
    13966.88        35.85
    13971.88        35.83
    13976.88        35.76
    13981.89        35.68
    13986.89        35.60
    13991.89        35.48
    13996.89        35.37
    14001.90        35.31
    14006.90        35.30
    14011.90        35.25
    14016.91        35.22
    14021.91        35.18
    14026.91        35.17
    14031.92        35.12
    14036.92        35.05
    14041.92        34.91
    14046.92        34.86
    14051.93        34.76
    14056.93        34.75
    14061.93        34.71
    14066.94        34.65
    14071.94        34.58
    14076.94        34.40
    14081.95        34.43
    14086.95        34.30
    14091.95        34.30
    14096.96        34.30
    14101.96        34.15
    14106.96        34.24
    14111.96        34.13
    14116.97        33.98
    14121.97        34.00
    14126.97        34.00
    14131.98        33.84
    14136.98        33.89
    14141.98        33.78
    14146.99        33.80
    14151.99        33.86
    14156.99        33.79
    14161.99        33.83
    14167.00        33.71
    14172.00        33.63
    14177.00        33.46
    14182.01        33.42
    14187.01        33.35
    14192.01        33.33
    14197.02        33.33
    14202.02        33.40
    14207.02        33.26
    14212.02        33.19
    14217.03        33.18
    14222.03        33.12
    14227.03        32.94
    14232.04        32.98
    14237.04        33.09
    14242.04        33.03
    14247.05        32.94
    14252.05        32.88
    14257.05        32.83
    14262.05        32.68
    14267.06        32.57
    14272.06        32.58
    14277.06        32.53
    14282.07        32.47
    14287.07        32.45
    14292.07        32.45
    14297.08        32.27
    14302.08        32.29
    14307.08        32.24
    14312.08        32.19
    14317.09        32.11
    14322.09        32.06
    14327.09        32.00
    14332.10        32.00
    14337.10        31.82
    14342.10        31.85
    14347.11        31.81
    14352.11        31.73
    14357.11        31.63
    14362.11        31.53
    14367.12        31.51
    14372.12        31.48
    14377.12        31.41
    14382.13        31.36
    14387.13        31.33
    14392.13        31.30
    14397.14        31.16
    14402.14        31.05
    14407.14        31.03
    14412.14        30.93
    14417.15        30.86
    14422.15        30.78
    14427.15        30.68
    14432.16        30.53
    14437.16        30.45
    14442.16        30.45
    14447.17        30.42
    14452.17        30.37
    14457.17        30.31
    14462.17        30.26
    14467.18        30.23
    14472.18        30.21
    14477.18        30.00
    14482.19        29.95
    14487.19        29.89
    14492.19        29.82
    14497.20        29.84
    14502.20        29.82
    14507.20        29.63
    14512.20        29.61
    14517.21        29.58
    14522.21        29.54
    14527.21        29.46
    14532.22        29.38
    14537.22        29.29
    14542.22        29.27
    14547.23        29.26
    14552.23        29.18
    14557.23        29.13
    14562.23        29.03
    14567.24        29.09
    14572.24        29.06
    14577.24        28.89
    14582.25        28.76
    14587.25        28.69
    14592.25        28.68
    14597.26        28.66
    14602.26        28.62
    14607.26        28.53
    14612.26        28.48
    14617.27        28.43
    14622.27        28.35
    14627.27        28.26
    14632.28        28.23
    14637.28        28.12
    14642.28        28.10
    14647.28        28.09
    14652.29        28.05
    14657.29        27.96
    14662.29        27.88
    14667.30        27.77
    14672.30        27.73
    14677.30        27.69
    14682.31        27.61
    14687.31        27.57
    14692.31        27.54
    14697.31        27.53
    14702.32        27.45
    14707.32        27.46
    14712.32        27.35
    14717.33        27.26
    14722.33        27.31
    14727.33        27.21
    14732.34        27.14
    14737.34        27.02
    14742.34        26.97
    14747.34        26.86
    14752.35        26.85
    14757.35        26.81
    14762.35        26.81
    14767.36        26.73
    14772.36        26.65
    14777.36        26.56
    14782.37        26.47
    14787.37        26.46
    14792.37        26.39
    14797.37        26.32
    14802.38        26.25
    14807.38        26.26
    14812.38        26.18
    14817.39        26.13
    14822.39        26.09
    14827.39        26.03
    14832.40        25.97
    14837.40        25.93
    14842.40        25.88
    14847.40        25.83
    14852.41        25.79
    14857.41        25.73
    14862.41        25.74
    14867.42        25.72
    14872.42        25.61
    14877.42        25.54
    14882.43        25.47
    14887.43        25.41
    14892.43        25.38
    14897.43        25.41
    14902.44        25.26
    14907.44        25.21
    14912.44        25.22
    14917.45        25.20
    14922.45        25.18
    14927.45        25.09
    14932.46        24.97
    14937.46        24.90
    14942.46        24.93
    14947.46        24.88
    14952.47        24.85
    14957.47        24.79
    14962.47        24.73
    14967.48        24.67
    14972.48        24.64
    14977.48        24.55
    14982.49        24.49
    14987.49        24.42
    14992.49        24.34
    14997.49        24.33
    15002.50        24.31
    15007.50        24.24
    15012.50        24.18
    15017.51        24.09
    15022.51        24.08
    15027.51        24.03
    15032.52        23.91
    15037.52        23.87
    15042.52        23.70
    15047.52        23.77
    15052.53        23.74
    15057.53        23.69
    15062.53        23.71
    15067.54        23.67
    15072.54        23.40
    15077.54        23.46
    15082.55        23.49
    15087.55        23.43
    15092.55        23.39
    15097.55        23.37
    15102.56        23.35
    15107.56        23.23
    15112.56        23.16
    15117.57        23.16
    15122.57        23.15
    15127.57        23.12
    15132.58        23.01
    15137.58        23.00
    15142.58        22.96
    15147.58        22.83
    15152.59        22.85
    15157.59        22.82
    15162.59        22.79
    15167.60        22.74
    15172.60        22.70
    15177.60        22.62
    15182.61        22.64
    15187.61        22.51
    15192.61        22.57
    15197.61        22.57
    15202.62        22.50
    15207.62        22.43
    15212.62        22.33
    15217.63        22.35
    15222.63        22.20
    15227.63        22.24
    15232.64        22.13
    15237.64        22.11
    15242.64        22.11
    15247.64        22.02
    15252.65        21.95
    15257.65        22.01
    15262.65        21.99
    15267.66        21.96
    15272.66        21.89
    15277.66        21.78
    15282.66        21.82
    15287.67        21.85
    15292.67        21.67
    15297.67        21.56
    15302.68        21.55
    15307.68        21.62
    15312.68        21.50
    15317.69        21.48
    15322.69        21.41
    15327.69        21.33
    15332.69        21.31
    15337.70        21.26
    15342.70        21.15
    15347.70        21.12
    15352.71        21.15
    15357.71        21.12
    15362.71        21.10
    15367.72        20.98
    15372.72        20.99
    15377.72        20.99
    15382.72        20.94
    15387.73        20.92
    15392.73        20.84
    15397.73        20.80
    15402.74        20.72
    15407.74        20.75
    15412.74        20.74
    15417.75        20.71
    15422.75        20.70
    15427.75        20.65
    15432.75        20.67
    15437.76        20.61
    15442.76        20.50
    15447.76        20.48
    15452.77        20.30
    15457.77        20.27
    15462.77        20.39
    15467.78        20.22
    15472.78        20.23
    15477.78        20.26
    15482.78        20.16
    15487.79        20.20
    15492.79        20.21
    15497.79        20.03
    15502.80        20.00
    15507.80        20.11
    15512.80        20.04
    15517.81        19.96
    15522.81        19.85
    15527.81        19.78
    15532.81        19.84
    15537.82        19.79
    15542.82        19.67
    15547.82        19.64
    15552.83        19.65
    15557.83        19.51
    15562.83        19.44
    15567.84        19.54
    15572.84        19.43
    15577.84        19.40
    15582.84        19.35
    15587.85        19.25
    15592.85        19.17
    15597.85        19.18
    15602.86        19.30
    15607.86        19.27
    15612.86        19.16
    15617.86        19.04
    15622.87        19.04
    15627.87        18.95
    15632.87        18.96
    15637.88        18.96
    15642.88        18.94
    15647.88        18.94
    15652.89        18.89
    15657.89        18.85
    15662.89        18.84
    15667.89        18.76
    15672.90        18.77
    15677.90        18.70
    15682.90        18.60
    15687.91        18.54
    15692.91        18.51
    15697.91        18.52
    15702.92        18.55
    15707.92        18.45
    15712.92        18.52
    15717.92        18.44
    15722.93        18.45
    15727.93        18.38
    15732.93        18.17
    15737.94        18.18
    15742.94        18.08
    15747.94        18.08
    15752.95        18.15
    15757.95        18.15
    15762.95        18.09
    15767.95        18.12
    15772.96        18.02
    15777.96        17.93
    15782.96        17.89
    15787.97        17.86
    15792.97        17.87
    15797.97        17.86
    15802.98        17.82
    15807.98        17.81
