# MB_2m_NZGD2000_NZTM_OD - Mean
# Coordinate Projection: NZTM
# Attribute Unit: m
# Z-axis convention: Up is positive
# Distance Unit: m
# Start Location: 1356462.102 4863749.500
# End Location: 1368774.462 4850809.251
# Format: Distance    Attribute
        0.00        90.52
        5.00        90.50
       10.01        90.43
       15.01        90.43
       20.01        90.41
       25.02        90.39
       30.02        90.36
       35.02        90.32
       40.03        90.25
       45.03        90.20
       50.03        90.17
       55.03        90.16
       60.04        90.14
       65.04        90.18
       70.04        90.15
       75.05        90.13
       80.05        90.11
       85.05        90.08
       90.06        90.03
       95.06        89.99
      100.06        89.96
      105.07        89.94
      110.07        89.92
      115.07        89.93
      120.08        89.93
      125.08        89.92
      130.08        89.88
      135.09        89.87
      140.09        89.85
      145.09        89.84
      150.09        89.81
      155.10        89.80
      160.10        89.79
      165.10        89.73
      170.11        89.70
      175.11        89.68
      180.11        89.65
      185.12        89.63
      190.12        89.62
      195.12        89.63
      200.13        89.63
      205.13        89.63
      210.13        89.60
      215.14        89.57
      220.14        89.52
      225.14        89.48
      230.14        89.43
      235.15        89.41
      240.15        89.37
      245.15        89.36
      250.16        89.35
      255.16        89.35
      260.16        89.39
      265.17        89.38
      270.17        89.36
      275.17        89.35
      280.18        89.32
      285.18        89.28
      290.18        89.25
      295.19        89.24
      297.91        89.24
      302.91        89.24
      307.91        89.25
      312.92        89.22
      317.92        89.20
      322.92        89.20
      327.93        89.17
      332.93        89.16
      337.93        89.14
      342.94        89.13
      347.94        89.08
      352.94        89.02
      357.95        89.00
      362.95        88.96
      367.95        88.94
      372.95        88.92
      377.96        88.92
      382.96        88.94
      387.96        88.92
      392.97        88.91
      397.97        88.88
      402.97        88.83
      407.98        88.79
      412.98        88.76
      417.98        88.73
      422.99        88.72
      427.99        88.70
      432.99        88.66
      438.00        88.65
      443.00        88.64
      448.00        88.63
      453.01        88.63
      458.01        88.63
      463.01        88.63
      468.01        88.60
      473.02        88.57
      478.02        88.52
      483.02        88.51
      488.03        88.48
      493.03        88.47
      498.03        88.49
      503.04        88.52
      508.04        88.52
      513.04        88.51
      518.05        88.44
      523.05        88.41
      528.05        88.39
      533.06        88.39
      538.06        88.40
      543.06        88.42
      548.06        88.44
      553.07        88.42
      558.07        88.41
      563.07        88.41
      568.08        88.34
      573.08        88.32
      578.08        88.28
      583.09        88.27
      588.09        88.27
      593.09        88.27
      598.10        88.27
      603.10        88.26
      608.10        88.26
      613.11        88.26
      618.11        88.25
      623.11        88.22
      628.12        88.18
      633.12        88.17
      638.12        88.15
      643.12        88.14
      648.13        88.13
      653.13        88.13
      658.13        88.14
      660.83        88.14
      665.84        88.10
      670.84        88.08
      675.84        88.07
      680.85        88.09
      685.85        88.08
      690.85        88.06
      695.86        88.03
      700.86        87.98
      705.86        87.96
      710.87        87.93
      715.87        87.90
      720.87        87.91
      725.88        87.92
      730.88        87.92
      735.88        87.91
      740.88        87.86
      745.89        87.82
      750.89        87.83
      755.89        87.83
      760.90        87.83
      765.90        87.79
      770.90        87.75
      775.91        87.71
      780.91        87.70
      785.91        87.67
      790.92        87.68
      795.92        87.70
      800.92        87.73
      805.93        87.71
      810.93        87.70
      815.93        87.66
      820.94        87.67
      825.94        87.61
      830.94        87.55
      835.94        87.50
      840.95        87.50
      845.95        87.47
      850.95        87.47
      855.96        87.50
      860.96        87.53
      865.96        87.51
      870.97        87.45
      875.97        87.41
      880.97        87.37
      885.98        87.37
      890.98        87.37
      895.98        87.37
      900.99        87.37
      905.99        87.36
      910.99        87.34
      915.99        87.33
      921.00        87.33
      926.00        87.34
      931.00        87.32
      936.01        87.29
      941.01        87.26
      946.01        87.24
      951.02        87.23
      956.02        87.22
      961.02        87.20
      966.03        87.21
      971.03        87.21
      976.03        87.21
      981.04        87.21
      986.04        87.21
      991.04        87.18
      996.05        87.16
     1001.05        87.15
     1006.05        87.12
     1011.05        87.13
     1016.06        87.14
     1021.06        87.11
     1026.06        87.13
     1031.07        87.12
     1036.07        87.12
     1041.07        87.10
     1046.08        87.09
     1051.08        87.08
     1056.08        87.05
     1061.09        87.05
     1066.09        87.03
     1071.09        87.01
     1076.10        86.99
     1081.10        86.98
     1086.10        86.98
     1091.10        87.03
     1096.11        86.97
     1101.11        86.98
     1106.11        86.97
     1111.12        86.96
     1116.12        86.94
     1121.12        86.97
     1126.13        86.93
     1131.13        86.92
     1136.13        86.89
     1141.14        86.88
     1146.14        86.90
     1151.14        86.87
     1156.15        86.86
     1161.15        86.83
     1166.15        86.83
     1171.16        86.80
     1176.16        86.86
     1181.16        86.82
     1186.16        86.80
     1191.17        86.78
     1196.17        86.80
     1201.17        86.78
     1206.18        86.76
     1211.18        86.71
     1216.18        86.73
     1221.19        86.70
     1226.19        86.69
     1231.19        86.66
     1236.20        86.66
     1241.20        86.64
     1246.20        86.63
     1251.21        86.63
     1256.21        86.65
     1261.21        86.61
     1266.21        86.62
     1271.22        86.64
     1276.22        86.61
     1281.22        86.58
     1286.23        86.59
     1291.23        86.58
     1296.23        86.59
     1301.24        86.55
     1306.24        86.53
     1311.24        86.52
     1316.25        86.49
     1321.25        86.48
     1326.25        86.49
     1331.26        86.50
     1336.26        86.45
     1341.26        86.49
     1346.26        86.40
     1351.27        86.37
     1356.27        86.40
     1361.27        86.36
     1366.28        86.40
     1371.28        86.37
     1376.28        86.36
     1381.29        86.32
     1386.29        86.33
     1391.29        86.27
     1396.30        86.27
     1401.30        86.32
     1404.39        86.29
     1409.39        86.30
     1414.40        86.23
     1419.40        86.26
     1424.40        86.25
     1429.41        86.22
     1434.41        86.27
     1439.41        86.19
     1444.42        86.17
     1449.42        86.21
     1454.42        86.14
     1459.42        86.13
     1464.43        86.16
     1469.43        86.13
     1474.43        86.15
     1479.44        86.10
     1484.44        86.10
     1489.44        86.09
     1494.45        86.06
     1499.45        86.10
     1504.45        86.10
     1509.46        86.08
     1514.46        86.03
     1519.46        86.03
     1524.47        86.02
     1529.47        86.02
     1534.47        86.01
     1539.47        85.99
     1544.48        86.02
     1549.48        86.00
     1554.48        85.99
     1559.49        85.99
     1564.49        85.93
     1569.49        85.91
     1574.50        85.95
     1579.50        85.92
     1584.50        85.90
     1589.51        85.90
     1594.51        85.88
     1599.51        85.87
     1604.52        85.85
     1609.52        85.90
     1614.52        85.88
     1619.52        85.82
     1624.53        85.83
     1629.53        85.83
     1634.53        85.84
     1639.54        85.82
     1644.54        85.84
     1649.54        85.81
     1654.55        85.78
     1659.55        85.76
     1664.55        85.75
     1669.56        85.72
     1674.56        85.78
     1679.56        85.82
     1684.57        85.76
     1689.57        85.75
     1694.57        85.74
     1699.57        85.75
     1704.58        85.75
     1709.58        85.72
     1714.58        85.76
     1719.59        85.78
     1724.59        85.74
     1729.59        85.73
     1734.60        85.75
     1739.60        85.73
     1744.60        85.78
     1749.61        85.71
     1754.61        85.73
     1759.61        85.74
     1764.62        85.76
     1769.62        85.70
     1774.62        85.66
     1779.62        85.67
     1784.63        85.64
     1789.63        85.71
     1794.63        85.67
     1799.64        85.65
     1804.64        85.66
     1809.64        85.63
     1814.65        85.66
     1819.65        85.64
     1824.65        85.63
     1829.66        85.67
     1834.66        85.64
     1839.66        85.57
     1844.67        85.60
     1849.67        85.64
     1854.67        85.56
     1859.67        85.60
     1864.68        85.59
     1869.68        85.53
     1874.68        85.56
     1879.69        85.56
     1884.69        85.56
     1889.69        85.56
     1894.70        85.47
     1899.70        85.49
     1904.70        85.47
     1909.71        85.48
     1914.71        85.47
     1919.71        85.43
     1924.72        85.42
     1929.72        85.46
     1934.72        85.33
     1939.73        85.43
     1944.73        85.43
     1949.73        85.39
     1954.73        85.41
     1959.74        85.39
     1964.74        85.38
     1969.74        85.34
     1974.75        85.41
     1979.75        85.35
     1984.75        85.39
     1989.76        85.35
     1994.76        85.32
     1999.76        85.35
     2004.77        85.38
     2009.77        85.31
     2014.77        85.25
     2019.78        85.22
     2024.78        85.26
     2029.78        85.30
     2034.78        85.28
     2039.79        85.21
     2044.79        85.23
     2049.79        85.30
     2052.28        85.25
     2057.28        85.25
     2062.28        85.16
     2067.28        85.16
     2072.29        85.20
     2077.29        85.17
     2082.29        85.20
     2087.30        85.24
     2092.30        85.22
     2097.30        85.10
     2102.31        85.19
     2107.31        85.19
     2112.31        85.13
     2117.32        85.11
     2122.32        85.17
     2127.32        85.16
     2132.33        85.12
     2137.33        85.09
     2142.33        85.12
     2147.33        85.13
     2152.34        85.02
     2157.34        85.13
     2162.34        85.08
     2167.35        84.98
     2172.35        85.06
     2177.35        85.08
     2182.36        85.06
     2187.36        84.99
     2192.36        84.98
     2197.37        85.06
     2202.37        85.01
     2207.37        85.01
     2212.38        84.95
     2217.38        84.97
     2222.38        84.94
     2227.38        84.95
     2232.39        84.97
     2237.39        84.98
     2242.39        84.99
     2247.40        84.90
     2252.40        84.91
     2257.40        84.93
     2262.41        84.96
     2267.41        84.95
     2272.41        84.93
     2277.42        84.91
     2282.42        84.90
     2287.42        84.87
     2292.43        84.82
     2297.43        84.89
     2302.43        84.92
     2307.43        84.86
     2312.44        84.93
     2317.44        84.72
     2322.44        84.82
     2327.45        84.83
     2332.45        84.86
     2337.45        84.83
     2342.46        84.74
     2347.46        84.80
     2352.46        84.68
     2357.47        84.78
     2362.47        84.76
     2367.47        84.79
     2372.48        84.74
     2377.48        84.74
     2382.48        84.78
     2387.48        84.73
     2392.49        84.73
     2397.49        84.75
     2402.49        84.72
     2407.50        84.65
     2412.50        84.67
     2417.50        84.69
     2422.51        84.68
     2427.51        84.67
     2432.51        84.72
     2437.52        84.66
     2442.52        84.54
     2447.52        84.60
     2452.53        84.60
     2457.53        84.59
     2462.53        84.48
     2467.53        84.56
     2472.54        84.59
     2477.54        84.52
     2482.54        84.53
     2487.55        84.51
     2492.55        84.56
     2497.55        84.51
     2502.56        84.44
     2507.56        84.52
     2512.56        84.55
     2512.89        84.55
     2517.89        84.40
     2522.90        84.46
     2527.90        84.52
     2532.90        84.46
     2537.91        84.47
     2542.91        84.49
     2547.91        84.46
     2552.91        84.53
     2557.92        84.53
     2562.92        84.44
     2567.92        84.44
     2572.93        84.47
     2577.93        84.48
     2582.93        84.49
     2587.94        84.45
     2592.94        84.48
     2597.94        84.40
     2602.95        84.42
     2607.95        84.39
     2612.95        84.43
     2617.96        84.38
     2622.96        84.39
     2627.96        84.37
     2632.96        84.39
     2637.97        84.43
     2642.97        84.36
     2647.97        84.35
     2652.98        84.35
     2657.98        84.36
     2662.98        84.26
     2667.99        84.34
     2672.99        84.35
     2677.99        84.38
     2683.00        84.29
     2688.00        84.28
     2693.00        84.30
     2698.00        84.26
     2703.01        84.25
     2708.01        84.30
     2713.01        84.24
     2718.02        84.28
     2723.02        84.31
     2728.02        84.25
     2733.03        84.28
     2738.03        84.31
     2743.03        84.18
     2748.04        84.24
     2753.04        84.18
     2758.04        84.15
     2763.05        84.22
     2768.05        84.19
     2773.05        84.19
     2778.05        84.18
     2783.06        84.11
     2788.06        84.10
     2793.06        84.14
     2798.07        84.14
     2803.07        84.13
     2808.07        84.14
     2813.08        84.16
     2818.08        84.14
     2823.08        84.11
     2828.09        84.16
     2833.09        84.13
     2838.09        84.05
     2843.10        84.14
     2848.10        84.15
     2853.10        84.13
     2858.10        84.11
     2863.11        84.11
     2868.11        84.06
     2873.11        84.09
     2878.12        83.97
     2883.12        84.13
     2888.12        84.02
     2893.13        84.05
     2898.13        84.08
     2902.06        84.00
     2907.07        84.05
     2912.07        84.09
     2917.07        84.07
     2922.08        83.94
     2927.08        84.08
     2932.08        83.98
     2937.09        83.99
     2942.09        83.95
     2947.09        83.98
     2952.10        83.97
     2957.10        84.08
     2962.10        83.87
     2967.10        83.92
     2972.11        83.96
     2977.11        83.98
     2982.11        83.95
     2987.12        83.96
     2992.12        83.90
     2997.12        83.89
     3002.13        83.88
     3007.13        83.95
     3012.13        83.94
     3017.14        83.80
     3022.14        83.99
     3027.14        83.91
     3032.15        83.90
     3037.15        83.85
     3042.15        83.93
     3047.15        83.88
     3052.16        83.85
     3057.16        83.91
     3062.16        83.91
     3067.17        83.88
     3072.17        83.85
     3077.17        83.86
     3082.18        83.88
     3087.18        83.89
     3092.18        83.86
     3097.19        83.81
     3102.19        83.83
     3107.19        83.88
     3112.20        83.86
     3117.20        83.82
     3122.20        83.81
     3127.20        83.84
     3132.21        83.84
     3137.21        83.85
     3142.21        83.87
     3147.22        83.84
     3152.22        83.83
     3157.22        83.82
     3162.23        83.80
     3167.23        83.75
     3172.23        83.81
     3177.24        83.76
     3182.24        83.81
     3187.24        83.82
     3192.25        83.78
     3197.25        83.72
     3202.25        83.79
     3207.25        83.71
     3212.26        83.77
     3217.26        83.79
     3222.26        83.76
     3227.27        83.76
     3232.27        83.78
     3237.27        83.66
     3242.28        83.70
     3247.28        83.74
     3252.28        83.75
     3257.29        83.72
     3262.29        83.67
     3267.29        83.66
     3272.29        83.62
     3277.30        83.64
     3282.30        83.65
     3287.30        83.62
     3292.31        83.63
     3297.31        83.61
     3302.31        83.63
     3307.32        83.61
     3312.32        83.68
     3317.32        83.66
     3322.33        83.63
     3327.33        83.62
     3332.33        83.61
     3337.34        83.58
     3342.34        83.65
     3347.34        83.63
     3352.34        83.64
     3357.35        83.62
     3362.35        83.62
     3367.35        83.64
     3372.36        83.63
     3377.36        83.61
     3382.36        83.61
     3387.37        83.62
     3392.37        83.57
     3397.37        83.57
     3402.38        83.62
     3407.38        83.56
     3412.38        83.61
     3417.38        83.64
     3422.39        83.60
     3427.39        83.52
     3432.39        83.57
     3437.40        83.61
     3442.40        83.56
     3447.40        83.51
     3452.41        83.58
     3457.41        83.53
     3462.41        83.57
     3467.42        83.56
     3472.42        83.50
     3477.42        83.59
     3482.43        83.59
     3487.43        83.47
     3492.43        83.46
     3497.43        83.48
     3502.44        83.47
     3507.44        83.50
     3512.44        83.52
     3517.45        83.46
     3522.45        83.49
     3527.45        83.47
     3532.46        83.47
     3537.46        83.46
     3542.46        83.50
     3547.47        83.50
     3552.47        83.50
     3557.47        83.51
     3562.48        83.49
     3567.48        83.45
     3572.48        83.49
     3577.48        83.47
     3582.49        83.47
     3587.49        83.49
     3592.49        83.44
     3597.50        83.44
     3602.50        83.47
     3607.50        83.44
     3612.51        83.43
     3617.51        83.47
     3622.51        83.42
     3627.52        83.41
     3632.52        83.42
     3637.52        83.42
     3637.78        83.42
     3642.78        83.42
     3647.78        83.42
     3652.79        83.43
     3657.79        83.46
     3662.79        83.36
     3667.80        83.39
     3672.80        83.41
     3677.80        83.41
     3682.81        83.45
     3687.81        83.43
     3692.81        83.40
     3697.82        83.42
     3702.82        83.38
     3707.82        83.37
     3712.83        83.41
     3717.83        83.42
     3722.83        83.42
     3727.83        83.43
     3732.84        83.37
     3737.84        83.37
     3742.84        83.40
     3747.85        83.41
     3752.85        83.41
     3757.85        83.42
     3762.86        83.39
     3767.86        83.39
     3772.86        83.38
     3777.87        83.37
     3782.87        83.39
     3787.87        83.40
     3792.87        83.37
     3797.88        83.38
     3802.88        83.37
     3807.88        83.37
     3812.89        83.39
     3817.89        83.36
     3822.89        83.34
     3827.90        83.35
     3832.90        83.33
     3837.90        83.33
     3842.91        83.33
     3847.91        83.33
     3852.91        83.34
     3857.92        83.33
     3862.92        83.33
     3867.92        83.35
     3872.92        83.32
     3877.93        83.31
     3882.93        83.31
     3887.93        83.30
     3892.94        83.29
     3897.94        83.28
     3902.94        83.33
     3907.95        83.26
     3912.95        83.28
     3917.95        83.28
     3922.96        83.29
     3927.96        83.28
     3932.96        83.30
     3937.96        83.25
     3942.97        83.23
     3947.97        83.27
     3952.97        83.27
     3957.98        83.25
     3962.98        83.25
     3967.98        83.25
     3972.99        83.25
     3977.99        83.26
     3982.99        83.26
     3988.00        83.25
     3993.00        83.27
     3998.00        83.24
     4003.01        83.24
     4008.01        83.22
     4013.01        83.22
     4018.01        83.23
     4023.02        83.25
     4028.02        83.23
     4033.02        83.22
     4038.03        83.21
     4043.03        83.22
     4048.03        83.22
     4053.04        83.22
     4058.04        83.21
     4060.35        83.19
     4065.35        83.15
     4070.35        83.17
     4075.36        83.18
     4080.36        83.16
     4085.36        83.18
     4090.36        83.19
     4095.37        83.18
     4100.37        83.15
     4105.37        83.16
     4110.38        83.15
     4115.38        83.15
     4120.38        83.18
     4125.39        83.16
     4130.39        83.14
     4135.39        83.17
     4140.40        83.15
     4145.40        83.16
     4150.40        83.12
     4155.41        83.11
     4160.41        83.16
     4165.41        83.15
     4170.41        83.11
     4175.42        83.10
     4180.42        83.06
     4185.42        83.05
     4190.43        83.10
     4195.43        83.08
     4200.43        83.11
     4205.44        83.12
     4210.44        83.09
     4215.44        83.07
     4220.45        82.99
     4225.45        83.06
     4230.45        83.03
     4235.45        83.04
     4240.46        83.08
     4245.46        83.03
     4250.46        83.04
     4255.47        83.07
     4260.47        83.06
     4265.47        83.01
     4270.48        83.05
     4275.48        83.03
     4280.48        83.00
     4285.49        83.03
     4290.49        83.01
     4295.49        83.05
     4300.50        83.05
     4305.50        83.04
     4310.50        83.01
     4315.50        83.00
     4320.51        83.02
     4325.51        83.02
     4330.51        83.04
     4335.52        83.04
     4340.52        83.00
     4345.52        82.96
     4350.53        82.99
     4355.53        82.99
     4360.53        83.01
     4365.54        83.00
     4370.54        82.97
     4375.54        82.98
     4380.54        82.98
     4385.55        82.97
     4390.55        82.96
     4395.55        82.96
     4400.56        82.97
     4405.56        82.98
     4410.56        82.96
     4415.57        82.94
     4420.57        82.97
     4425.57        82.94
     4430.58        82.95
     4435.58        82.95
     4440.58        82.96
     4445.58        82.95
     4450.59        82.92
     4455.59        82.93
     4460.59        82.89
     4465.60        82.90
     4470.60        82.94
     4475.60        82.92
     4480.61        82.93
     4485.61        82.92
     4490.61        82.91
     4495.62        82.89
     4500.62        82.89
     4505.62        82.90
     4510.62        82.91
     4515.63        82.92
     4520.63        82.92
     4525.63        82.89
     4530.64        82.90
     4535.64        82.91
     4540.64        82.89
     4545.65        82.88
     4550.65        82.88
     4555.65        82.88
     4555.98        82.91
     4560.98        82.86
     4565.98        82.88
     4570.99        82.88
     4575.99        82.87
     4580.99        82.85
     4586.00        82.86
     4591.00        82.88
     4596.00        82.86
     4601.01        82.88
     4606.01        82.84
     4611.01        82.82
     4616.01        82.85
     4621.02        82.86
     4626.02        82.85
     4631.02        82.86
     4636.03        82.87
     4641.03        82.84
     4646.03        82.84
     4651.04        82.86
     4656.04        82.84
     4661.04        82.87
     4666.05        82.87
     4671.05        82.85
     4676.05        82.83
     4681.05        82.84
     4686.06        82.82
     4691.06        82.82
     4696.06        82.82
     4701.07        82.84
     4706.07        82.82
     4711.07        82.81
     4716.08        82.83
     4721.08        82.81
     4726.08        82.83
     4731.09        82.81
     4736.09        82.82
     4741.09        82.82
     4746.09        82.79
     4751.10        82.81
     4756.10        82.77
     4761.10        82.77
     4766.11        82.79
     4771.11        82.76
     4776.11        82.78
     4781.12        82.77
     4786.12        82.74
     4791.12        82.77
     4796.13        82.73
     4801.13        82.74
     4806.13        82.75
     4811.13        82.74
     4816.14        82.74
     4821.14        82.71
     4826.14        82.74
     4831.15        82.73
     4836.15        82.70
     4841.15        82.78
     4846.16        82.73
     4851.16        82.68
     4856.16        82.71
     4861.17        82.67
     4866.17        82.67
     4871.17        82.67
     4876.18        82.65
     4881.18        82.63
     4886.18        82.69
     4891.18        82.69
     4896.19        82.67
     4901.19        82.67
     4906.19        82.66
     4911.20        82.67
     4916.20        82.67
     4921.20        82.70
     4926.21        82.66
     4931.21        82.66
     4936.21        82.66
     4941.22        82.67
     4946.22        82.68
     4951.22        82.65
     4956.22        82.67
     4961.23        82.66
     4966.23        82.69
     4971.23        82.67
     4976.24        82.66
     4981.24        82.65
     4986.24        82.64
     4991.25        82.66
     4996.25        82.67
     5001.25        82.67
     5006.26        82.67
     5011.26        82.65
     5016.26        82.63
     5021.26        82.63
     5026.27        82.65
     5031.27        82.63
     5036.27        82.63
     5041.28        82.64
     5046.28        82.62
     5051.28        82.62
     5056.29        82.58
     5061.29        82.61
     5066.29        82.62
     5071.30        82.62
     5076.30        82.60
     5081.30        82.59
     5086.30        82.60
     5091.31        82.60
     5096.31        82.61
     5101.31        82.58
     5106.32        82.62
     5111.32        82.62
     5116.32        82.60
     5121.33        82.59
     5126.33        82.58
     5131.33        82.57
     5136.34        82.59
     5141.34        82.56
     5146.34        82.57
     5151.34        82.58
     5156.35        82.56
     5161.35        82.57
     5166.35        82.58
     5171.36        82.53
     5176.36        82.55
     5181.36        82.53
     5186.37        82.55
     5191.37        82.53
     5196.37        82.53
     5201.38        82.54
     5206.38        82.54
     5211.38        82.53
     5216.38        82.52
     5221.39        82.52
     5226.39        82.52
     5231.39        82.52
     5236.40        82.54
     5241.40        82.52
     5246.40        82.54
     5251.41        82.53
     5256.41        82.52
     5261.41        82.51
     5266.42        82.53
     5271.42        82.51
     5276.42        82.51
     5281.43        82.49
     5286.43        82.50
     5291.43        82.50
     5296.43        82.49
     5301.44        82.48
     5306.44        82.50
     5311.44        82.49
     5316.45        82.49
     5321.45        82.48
     5326.45        82.48
     5331.46        82.47
     5336.46        82.47
     5341.46        82.47
     5346.47        82.49
     5351.47        82.46
     5356.47        82.46
     5361.47        82.48
     5366.48        82.45
     5371.48        82.45
     5376.48        82.46
     5381.49        82.43
     5386.49        82.44
     5391.49        82.46
     5396.50        82.46
     5401.50        82.45
     5406.50        82.45
     5411.51        82.44
     5416.51        82.43
     5419.80        82.44
     5424.81        82.45
     5429.81        82.44
     5434.81        82.44
     5439.82        82.41
     5444.82        82.45
     5449.82        82.43
     5454.82        82.44
     5459.83        82.42
     5464.83        82.44
     5469.83        82.45
     5474.84        82.46
     5479.84        82.44
     5484.84        82.42
     5489.85        82.42
     5494.85        82.44
     5499.85        82.46
     5504.86        82.45
     5509.86        82.44
     5514.86        82.45
     5519.86        82.45
     5524.87        82.43
     5529.87        82.43
     5534.87        82.43
     5539.88        82.42
     5544.88        82.47
     5549.88        82.43
     5554.89        82.45
     5559.89        82.43
     5564.89        82.46
     5569.90        82.44
     5574.90        82.47
     5579.90        82.44
     5584.90        82.45
     5589.91        82.44
     5594.91        82.44
     5599.91        82.41
     5604.92        82.42
     5609.92        82.42
     5614.92        82.44
     5619.93        82.43
     5624.93        82.42
     5629.93        82.44
     5634.94        82.41
     5639.94        82.40
     5644.94        82.37
     5649.94        82.38
     5654.95        82.43
     5659.95        82.42
     5664.95        82.41
     5669.96        82.41
     5674.96        82.37
     5679.96        82.36
     5684.97        82.40
     5689.97        82.40
     5694.97        82.40
     5699.98        82.39
     5704.98        82.35
     5709.98        82.41
     5714.98        82.31
     5719.99        82.39
     5724.99        82.43
     5729.99        82.37
     5735.00        82.39
     5740.00        82.38
     5745.00        82.38
     5750.01        82.37
     5755.01        82.37
     5760.01        82.37
     5765.02        82.35
     5770.02        82.45
     5775.02        82.38
     5780.02        82.39
     5785.03        82.42
     5790.03        82.38
     5795.03        82.34
     5800.04        82.36
     5805.04        82.37
     5810.04        82.39
     5815.05        82.37
     5820.05        82.36
     5825.05        82.37
     5830.06        82.35
     5835.06        82.38
     5840.06        82.36
     5845.06        82.37
     5850.07        82.40
     5855.07        82.35
     5860.07        82.35
     5865.08        82.38
     5870.08        82.38
     5875.08        82.36
     5880.09        82.34
     5885.09        82.35
     5890.09        82.35
     5895.10        82.36
     5900.10        82.37
     5905.10        82.36
     5910.10        82.37
     5915.11        82.36
     5920.11        82.35
     5925.11        82.37
     5930.12        82.37
     5935.12        82.37
     5940.12        82.34
     5945.13        82.35
     5950.13        82.37
     5955.13        82.39
     5960.14        82.37
     5965.14        82.37
     5970.14        82.34
     5975.14        82.36
     5980.15        82.39
     5985.15        82.38
     5990.15        82.35
     5995.16        82.35
     6000.16        82.36
     6005.16        82.40
     6010.17        82.39
     6015.17        82.38
     6020.17        82.37
     6025.18        82.38
     6030.18        82.35
     6035.18        82.40
     6040.18        82.40
     6045.19        82.43
     6050.19        82.39
     6055.19        82.41
     6060.20        82.40
     6065.20        82.39
     6070.20        82.38
     6075.21        82.39
     6080.21        82.40
     6085.21        82.39
     6090.22        82.36
     6095.22        82.35
     6100.22        82.37
     6105.22        82.39
     6110.23        82.37
     6115.23        82.38
     6120.23        82.36
     6125.24        82.36
     6130.24        82.37
     6135.24        82.34
     6140.25        82.33
     6145.25        82.37
     6150.25        82.34
     6155.26        82.33
     6160.26        82.32
     6165.26        82.33
     6170.26        82.32
     6173.70        82.33
     6178.70        82.34
     6183.71        82.35
     6188.71        82.34
     6193.71        82.33
     6198.71        82.33
     6203.72        82.32
     6208.72        82.32
     6213.72        82.31
     6218.73        82.31
     6223.73        82.34
     6228.73        82.35
     6233.74        82.30
     6238.74        82.30
     6243.74        82.30
     6248.75        82.30
     6253.75        82.31
     6258.75        82.30
     6263.75        82.30
     6268.76        82.31
     6273.76        82.30
     6278.76        82.27
     6283.77        82.29
     6288.77        82.25
     6293.77        82.26
     6298.78        82.28
     6303.78        82.29
     6308.78        82.27
     6313.79        82.27
     6318.79        82.26
     6323.79        82.25
     6328.79        82.25
     6333.80        82.26
     6338.80        82.24
     6343.80        82.28
     6348.81        82.25
     6353.81        82.26
     6358.81        82.25
     6363.82        82.24
     6368.82        82.25
     6373.82        82.22
     6378.82        82.25
     6383.83        82.24
     6388.83        82.23
     6393.83        82.24
     6398.84        82.22
     6403.84        82.25
     6408.84        82.22
     6413.85        82.24
     6418.85        82.22
     6423.85        82.20
     6428.86        82.20
     6433.86        82.22
     6438.86        82.20
     6443.86        82.21
     6448.87        82.22
     6453.87        82.23
     6458.87        82.19
     6463.88        82.20
     6468.88        82.19
     6473.88        82.19
     6478.89        82.19
     6483.89        82.16
     6488.89        82.19
     6493.90        82.17
     6498.90        82.18
     6503.90        82.16
     6508.90        82.15
     6513.91        82.20
     6518.91        82.17
     6523.91        82.18
     6528.92        82.15
     6533.92        82.16
     6538.92        82.13
     6543.93        82.13
     6548.93        82.16
     6553.93        82.15
     6558.94        82.16
     6563.94        82.16
     6568.94        82.14
     6573.94        82.10
     6578.95        82.13
     6583.95        82.13
     6588.95        82.13
     6593.96        82.14
     6598.96        82.12
     6603.96        82.10
     6608.97        82.13
     6613.97        82.10
     6618.97        82.10
     6623.98        82.10
     6628.98        82.10
     6633.98        82.11
     6638.98        82.09
     6643.99        82.07
     6648.99        82.06
     6653.99        82.06
     6659.00        82.07
     6664.00        82.08
     6669.00        82.07
     6674.01        82.06
     6679.01        82.06
     6684.01        82.05
     6689.02        82.02
     6694.02        82.03
     6699.02        82.04
     6704.02        82.02
     6705.54        82.03
     6710.54        82.03
     6715.55        82.04
     6720.55        82.03
     6725.55        82.02
     6730.56        81.99
     6735.56        82.00
     6740.56        81.99
     6745.57        81.97
     6750.57        82.01
     6755.57        82.00
     6760.58        81.98
     6765.58        81.99
     6770.58        81.96
     6775.58        81.97
     6780.59        81.95
     6785.59        81.99
     6790.59        81.96
     6795.60        81.96
     6800.60        81.97
     6805.60        81.97
     6810.61        81.94
     6815.61        81.96
     6820.61        81.93
     6825.62        81.92
     6830.62        81.96
     6835.62        81.95
     6840.62        81.94
     6845.63        81.90
     6850.63        81.93
     6855.63        81.93
     6860.64        81.92
     6865.64        81.92
     6870.64        81.94
     6875.65        81.91
     6880.65        81.92
     6885.65        81.91
     6890.66        81.89
     6895.66        81.86
     6900.66        81.90
     6905.66        81.88
     6910.67        81.89
     6915.67        81.89
     6920.67        81.87
     6925.68        81.88
     6930.68        81.87
     6935.68        81.84
     6940.69        81.87
     6945.69        81.87
     6950.69        81.85
     6955.69        81.83
     6960.70        81.84
     6965.70        81.83
     6970.70        81.84
     6975.71        81.83
     6980.71        81.84
     6985.71        81.83
     6990.72        81.81
     6995.72        81.83
     7000.72        81.81
     7005.73        81.80
     7010.73        81.79
     7015.73        81.79
     7020.73        81.78
     7025.74        81.79
     7030.74        81.80
     7035.74        81.78
     7040.75        81.78
     7045.75        81.76
     7050.75        81.77
     7055.76        81.75
     7060.76        81.75
     7065.76        81.76
     7070.77        81.77
     7075.77        81.78
     7080.77        81.73
     7085.77        81.74
     7090.78        81.74
     7095.78        81.76
     7100.78        81.77
     7105.79        81.74
     7110.79        81.73
     7115.79        81.74
     7120.80        81.72
     7125.80        81.71
     7130.80        81.73
     7135.81        81.72
     7140.81        81.71
     7145.81        81.72
     7150.81        81.73
     7155.82        81.69
     7160.82        81.69
     7165.82        81.70
     7170.83        81.70
     7175.83        81.70
     7180.83        81.68
     7185.84        81.67
     7190.84        81.71
     7195.84        81.69
     7200.84        81.67
     7205.85        81.67
     7210.85        81.64
     7215.85        81.64
     7220.86        81.67
     7225.86        81.67
     7230.86        81.65
     7235.87        81.62
     7240.87        81.67
     7245.87        81.64
     7250.88        81.65
     7255.88        81.64
     7260.88        81.61
     7265.88        81.61
     7270.89        81.63
     7275.89        81.61
     7280.89        81.62
     7285.90        81.59
     7290.90        81.58
     7295.90        81.59
     7300.91        81.60
     7305.91        81.58
     7310.91        81.56
     7315.92        81.55
     7320.92        81.57
     7325.92        81.57
     7330.92        81.57
     7335.93        81.55
     7340.93        81.55
     7345.93        81.55
     7350.94        81.53
     7355.94        81.53
     7360.94        81.55
     7365.95        81.53
     7370.95        81.56
     7375.95        81.51
     7380.95        81.51
     7385.96        81.48
     7390.96        81.49
     7395.96        81.54
     7400.97        81.51
     7405.97        81.51
     7410.97        81.50
     7415.98        81.48
     7420.98        81.50
     7425.98        81.46
     7430.99        81.44
     7435.99        81.46
     7440.99        81.47
     7445.99        81.47
     7451.00        81.42
     7456.00        81.43
     7461.00        81.43
     7466.01        81.43
     7471.01        81.40
     7476.01        81.39
     7481.02        81.44
     7486.02        81.41
     7491.02        81.42
     7496.03        81.42
     7501.03        81.38
     7506.03        81.41
     7507.98        81.38
     7512.98        81.36
     7517.99        81.39
     7522.99        81.39
     7527.99        81.38
     7533.00        81.37
     7538.00        81.38
     7543.00        81.36
     7548.01        81.34
     7553.01        81.35
     7558.01        81.35
     7563.01        81.37
     7568.02        81.33
     7573.02        81.35
     7578.02        81.32
     7583.03        81.31
     7588.03        81.33
     7593.03        81.33
     7598.04        81.31
     7603.04        81.30
     7608.04        81.29
     7613.05        81.29
     7618.05        81.29
     7623.05        81.28
     7628.05        81.27
     7633.06        81.27
     7638.06        81.26
     7643.06        81.28
     7648.07        81.27
     7653.07        81.19
     7658.07        81.29
     7663.08        81.25
     7668.08        81.21
     7673.08        81.24
     7678.08        81.23
     7683.09        81.22
     7688.09        81.22
     7693.09        81.20
     7698.10        81.20
     7703.10        81.18
     7708.10        81.19
     7713.11        81.18
     7718.11        81.18
     7723.11        81.21
     7728.12        81.14
     7733.12        81.15
     7738.12        81.15
     7743.12        81.16
     7748.13        81.13
     7753.13        81.13
     7758.13        81.11
     7763.14        81.11
     7768.14        81.12
     7773.14        81.09
     7778.15        81.09
     7783.15        81.13
     7788.15        81.09
     7793.15        81.06
     7798.16        81.05
     7803.16        81.06
     7808.16        81.04
     7813.17        81.04
     7818.17        81.05
     7823.17        81.03
     7828.18        81.03
     7833.18        81.00
     7838.18        80.98
     7843.19        80.97
     7848.19        80.98
     7853.19        81.01
     7858.19        81.00
     7863.20        80.99
     7868.20        80.98
     7873.20        80.97
     7878.21        81.00
     7883.21        80.95
     7888.21        80.94
     7893.22        80.95
     7898.22        80.94
     7903.22        80.95
     7908.22        80.95
     7913.23        80.94
     7918.23        80.94
     7923.23        80.94
     7928.24        80.91
     7933.24        80.91
     7938.24        80.92
     7943.25        80.89
     7948.25        80.91
     7953.25        80.91
     7958.26        80.91
     7963.26        80.90
     7968.26        80.85
     7973.26        80.90
     7978.27        80.88
     7983.27        80.85
     7988.27        80.84
     7993.28        80.86
     7998.28        80.85
     8003.28        80.87
     8008.29        80.82
     8013.29        80.86
     8018.29        80.85
     8023.30        80.80
     8028.30        80.79
     8033.30        80.80
     8038.30        80.81
     8043.31        80.82
     8048.31        80.78
     8053.31        80.76
     8058.32        80.77
     8063.32        80.77
     8068.32        80.75
     8073.33        80.76
     8078.33        80.75
     8083.33        80.74
     8088.33        80.74
     8093.34        80.74
     8098.34        80.69
     8103.34        80.71
     8108.35        80.69
     8113.35        80.69
     8118.35        80.71
     8123.36        80.68
     8128.36        80.65
     8133.36        80.66
     8138.37        80.67
     8143.37        80.64
     8148.37        80.63
     8153.37        80.59
     8158.38        80.60
     8163.38        80.63
     8168.38        80.63
     8173.39        80.58
     8178.39        80.55
     8183.39        80.57
     8188.40        80.58
     8193.40        80.54
     8198.40        80.56
     8203.40        80.55
     8208.41        80.52
     8213.41        80.53
     8218.41        80.49
     8223.42        80.52
     8228.42        80.48
     8233.42        80.47
     8238.43        80.50
     8243.43        80.46
     8248.43        80.46
     8253.44        80.44
     8258.44        80.45
     8263.44        80.41
     8268.44        80.42
     8273.45        80.42
     8278.45        80.40
     8283.45        80.38
     8288.46        80.39
     8293.46        80.38
     8298.46        80.37
     8303.47        80.33
     8308.47        80.35
     8313.47        80.35
     8318.47        80.34
     8323.48        80.33
     8328.48        80.29
     8333.48        80.28
     8338.49        80.30
     8343.49        80.29
     8348.49        80.28
     8353.50        80.25
     8358.50        80.23
     8363.50        80.24
     8368.51        80.22
     8373.51        80.22
     8378.51        80.21
     8383.51        80.19
     8388.52        80.17
     8393.52        80.16
     8398.52        80.13
     8403.53        80.16
     8408.53        80.15
     8413.53        80.10
     8418.54        80.13
     8423.54        80.12
     8428.54        80.06
     8433.54        80.08
     8438.55        80.04
     8443.55        80.06
     8448.55        80.05
     8453.56        80.04
     8458.56        80.02
     8463.56        79.99
     8468.57        79.96
     8473.57        79.98
     8478.57        80.00
     8483.58        79.97
     8488.58        79.94
     8493.58        79.94
     8498.58        79.90
     8503.59        79.90
     8508.59        79.90
     8513.59        79.89
     8518.60        79.86
     8523.60        79.83
     8528.60        79.86
     8533.61        79.84
     8538.61        79.80
     8543.61        79.81
     8548.61        79.81
     8553.62        79.78
     8558.62        79.79
     8563.62        79.77
     8568.63        79.77
     8573.63        79.77
     8578.63        79.71
     8583.64        79.71
     8588.64        79.69
     8593.64        79.71
     8598.65        79.67
     8603.65        79.65
     8608.65        79.65
     8613.65        79.63
     8618.66        79.66
     8623.66        79.61
     8628.66        79.61
     8633.67        79.59
     8638.67        79.55
     8643.67        79.55
     8648.68        79.54
     8653.68        79.55
     8658.68        79.55
     8663.68        79.52
     8668.69        79.48
     8673.69        79.51
     8678.69        79.45
     8679.86        79.45
     8684.87        79.45
     8689.87        79.43
     8694.87        79.43
     8699.88        79.45
     8704.88        79.40
     8709.88        79.40
     8714.89        79.37
     8719.89        79.37
     8724.89        79.34
     8729.89        79.37
     8734.90        79.33
     8739.90        79.33
     8744.90        79.30
     8749.91        79.29
     8754.91        79.27
     8759.91        79.25
     8764.92        79.23
     8769.92        79.21
     8774.92        79.20
     8779.93        79.20
     8784.93        79.22
     8789.93        79.19
     8794.93        79.16
     8799.94        79.14
     8804.94        79.13
     8809.94        79.10
     8814.95        79.10
     8819.95        79.09
     8824.95        79.09
     8829.96        79.08
     8834.96        79.05
     8839.96        79.04
     8844.96        79.02
     8849.97        79.00
     8854.97        78.98
     8859.97        78.97
     8864.98        79.00
     8869.98        78.98
     8874.98        78.97
     8879.99        78.95
     8884.99        78.91
     8889.99        78.92
     8895.00        78.91
     8900.00        78.90
     8905.00        78.91
     8910.00        78.89
     8915.01        78.88
     8920.01        78.85
     8925.01        78.81
     8930.02        78.82
     8935.02        78.78
     8940.02        78.78
     8945.03        78.79
     8950.03        78.78
     8955.03        78.74
     8960.03        78.71
     8965.04        78.72
     8970.04        78.68
     8975.04        78.70
     8980.05        78.67
     8985.05        78.67
     8990.05        78.65
     8995.06        78.60
     9000.06        78.60
     9005.06        78.56
     9010.06        78.56
     9015.07        78.58
     9020.07        78.56
     9025.07        78.52
     9030.08        78.50
     9035.08        78.49
     9040.08        78.49
     9045.09        78.48
     9050.09        78.48
     9055.09        78.43
     9060.10        78.42
     9065.10        78.40
     9070.10        78.38
     9075.10        78.38
     9080.11        78.37
     9085.11        78.34
     9090.11        78.33
     9095.12        78.33
     9100.12        78.29
     9105.12        78.28
     9110.13        78.25
     9115.13        78.26
     9120.13        78.22
     9125.13        78.19
     9130.14        78.22
     9135.14        78.18
     9140.14        78.19
     9145.15        78.17
     9150.15        78.12
     9155.15        78.11
     9160.16        78.10
     9165.16        78.11
     9170.16        78.06
     9175.16        78.06
     9180.17        78.05
     9185.17        78.04
     9190.17        78.02
     9195.18        77.98
     9200.18        77.98
     9205.18        77.96
     9210.19        77.95
     9215.19        77.94
     9220.19        77.90
     9225.20        77.91
     9230.20        77.88
     9235.20        77.86
     9240.20        77.87
     9245.21        77.84
     9250.21        77.84
     9255.21        77.80
     9260.22        77.77
     9265.22        77.75
     9270.22        77.75
     9275.23        77.71
     9280.23        77.70
     9285.23        77.69
     9290.23        77.65
     9295.24        77.68
     9300.24        77.65
     9305.24        77.62
     9310.25        77.59
     9315.25        77.58
     9320.25        77.56
     9325.26        77.53
     9330.26        77.54
     9335.26        77.50
     9340.26        77.49
     9345.27        77.43
     9350.27        77.44
     9355.27        77.44
     9360.28        77.39
     9365.28        77.42
     9370.28        77.38
     9375.29        77.37
     9380.29        77.35
     9385.29        77.31
     9390.30        77.31
     9395.30        77.28
     9400.30        77.27
     9405.30        77.23
     9410.31        77.24
     9415.31        77.23
     9420.31        77.21
     9425.32        77.14
     9430.32        77.13
     9435.32        77.13
     9440.33        77.11
     9445.33        77.09
     9450.33        77.09
     9455.33        77.07
     9460.34        77.04
     9465.34        77.01
     9470.34        76.98
     9475.35        76.98
     9480.35        76.95
     9485.35        76.95
     9490.36        76.95
     9495.36        76.89
     9500.36        76.87
     9505.36        76.85
     9510.37        76.82
     9515.37        76.81
     9520.37        76.79
     9525.38        76.78
     9530.38        76.75
     9535.38        76.73
     9540.39        76.71
     9545.39        76.68
     9550.39        76.72
     9555.40        76.63
     9560.40        76.60
     9565.40        76.58
     9570.40        76.55
     9575.41        76.53
     9580.41        76.54
     9585.41        76.49
     9590.42        76.49
     9595.42        76.48
     9600.42        76.42
     9605.43        76.38
     9610.43        76.39
     9615.43        76.35
     9620.43        76.32
     9625.44        76.34
     9630.44        76.29
     9635.44        76.29
     9640.45        76.24
     9645.45        76.22
     9650.45        76.20
     9655.46        76.17
     9660.46        76.15
     9665.46        76.15
     9670.46        76.11
     9675.47        76.05
     9680.47        76.06
     9685.47        76.05
     9690.48        75.99
     9695.48        75.97
     9700.48        75.93
     9705.49        75.91
     9710.49        75.90
     9715.49        75.89
     9720.50        75.85
     9725.50        75.82
     9730.50        75.79
     9735.16        75.77
     9740.17        75.73
     9745.17        75.73
     9750.17        75.70
     9755.18        75.67
     9760.18        75.63
     9765.18        75.64
     9770.19        75.59
     9775.19        75.58
     9780.19        75.53
     9785.19        75.50
     9790.20        75.52
     9795.20        75.50
     9800.20        75.43
     9805.21        75.40
     9810.21        75.38
     9815.21        75.35
     9820.22        75.35
     9825.22        75.31
     9830.22        75.29
     9835.22        75.25
     9840.23        75.23
     9845.23        75.20
     9850.23        75.17
     9855.24        75.16
     9860.24        75.13
     9865.24        75.10
     9870.25        75.07
     9875.25        75.04
     9880.25        75.02
     9885.25        74.98
     9890.26        74.96
     9895.26        74.93
     9900.26        74.88
     9905.27        74.88
     9910.27        74.86
     9915.27        74.82
     9920.28        74.82
     9925.28        74.78
     9930.28        74.71
     9935.28        74.70
     9940.29        74.68
     9945.29        74.66
     9950.29        74.63
     9955.30        74.61
     9960.30        74.60
     9965.30        74.59
     9970.31        74.53
     9975.31        74.48
     9980.31        74.44
     9985.31        74.43
     9990.32        74.45
     9995.32        74.40
    10000.32        74.38
    10005.33        74.36
    10010.33        74.31
    10015.33        74.27
    10020.34        74.25
    10025.34        74.25
    10030.34        74.19
    10035.35        74.15
    10040.35        74.14
    10045.35        74.12
    10050.35        74.10
    10055.36        74.06
    10060.36        74.03
    10065.36        74.02
    10070.37        73.97
    10075.37        73.94
    10080.37        73.95
    10085.38        73.88
    10090.38        73.87
    10095.38        73.86
    10100.38        73.79
    10105.39        73.77
    10110.39        73.70
    10115.39        73.68
    10120.40        73.69
    10125.40        73.66
    10130.40        73.62
    10135.41        73.59
    10140.41        73.58
    10145.41        73.52
    10150.41        73.48
    10155.42        73.44
    10160.42        73.46
    10165.42        73.42
    10170.43        73.39
    10175.43        73.36
    10180.43        73.31
    10185.44        73.28
    10190.44        73.26
    10195.44        73.23
    10200.44        73.19
    10205.45        73.17
    10210.45        73.15
    10215.45        73.10
    10220.46        73.09
    10225.46        73.06
    10230.46        73.04
    10235.47        73.03
    10240.47        72.94
    10245.47        72.92
    10250.47        72.90
    10255.48        72.87
    10260.48        72.85
    10265.48        72.83
    10270.49        72.78
    10275.49        72.74
    10280.49        72.72
    10285.50        72.70
    10290.50        72.65
    10295.50        72.63
    10300.51        72.61
    10305.51        72.56
    10310.51        72.53
    10315.51        72.52
    10320.52        72.51
    10325.52        72.45
    10330.52        72.41
    10335.53        72.38
    10340.53        72.36
    10345.53        72.36
    10350.54        72.30
    10355.54        72.26
    10360.54        72.24
    10365.54        72.21
    10370.55        72.18
    10375.55        72.14
    10380.55        72.14
    10385.56        72.09
    10390.56        72.04
    10395.56        72.03
    10400.57        71.99
    10405.57        71.97
    10410.57        71.95
    10415.57        71.91
    10420.58        71.88
    10425.58        71.83
    10430.58        71.82
    10435.59        71.78
    10440.59        71.76
    10445.59        71.71
    10450.60        71.68
    10455.60        71.66
    10460.60        71.61
    10465.60        71.58
    10470.61        71.57
    10475.61        71.51
    10480.61        71.49
    10485.62        71.48
    10490.62        71.42
    10495.62        71.34
    10500.63        71.35
    10505.63        71.33
    10510.63        71.30
    10515.63        71.25
    10520.64        71.25
    10525.64        71.16
    10530.64        71.12
    10535.65        71.10
    10540.65        71.06
    10545.65        71.06
    10550.66        71.03
    10555.66        70.97
    10560.66        70.96
    10565.66        70.90
    10570.67        70.87
    10575.67        70.85
    10580.67        70.83
    10585.68        70.80
    10590.68        70.75
    10595.68        70.69
    10600.69        70.66
    10605.69        70.62
    10610.69        70.60
    10615.70        70.60
    10620.70        70.53
    10625.70        70.48
    10630.70        70.47
    10635.71        70.43
    10640.71        70.40
    10645.71        70.35
    10650.72        70.31
    10655.72        70.30
    10660.72        70.25
    10665.73        70.22
    10670.73        70.20
    10675.73        70.14
    10680.73        70.11
    10685.74        70.08
    10690.74        70.04
    10695.74        70.00
    10700.75        69.98
    10705.75        69.93
    10710.75        69.91
    10715.76        69.86
    10720.76        69.82
    10725.76        69.79
    10730.76        69.75
    10735.77        69.71
    10740.77        69.68
    10745.77        69.67
    10750.78        69.61
    10755.78        69.56
    10760.78        69.51
    10765.79        69.49
    10770.79        69.44
    10775.79        69.42
    10780.79        69.36
    10785.80        69.36
    10790.80        69.32
    10795.80        69.28
    10800.81        69.22
    10805.81        69.20
    10810.81        69.13
    10815.82        69.10
    10820.82        69.07
    10825.82        69.04
    10830.82        69.00
    10835.83        68.95
    10840.83        68.95
    10845.83        68.90
    10850.84        68.82
    10855.84        68.85
    10860.84        68.76
    10865.85        68.77
    10870.85        68.71
    10875.85        68.68
    10880.85        68.65
    10885.86        68.59
    10890.86        68.57
    10895.86        68.51
    10900.87        68.45
    10905.87        68.42
    10910.87        68.36
    10915.88        68.34
    10920.88        68.30
    10925.88        68.25
    10930.88        68.20
    10935.89        68.18
    10939.88        68.12
    10944.88        68.07
    10949.88        68.05
    10954.89        68.02
    10959.89        67.99
    10964.89        67.92
    10969.90        67.87
    10974.90        67.88
    10979.90        67.83
    10984.90        67.76
    10989.91        67.71
    10994.91        67.69
    10999.91        67.63
    11004.92        67.58
    11009.92        67.56
    11014.92        67.52
    11019.93        67.49
    11024.93        67.44
    11029.93        67.37
    11034.93        67.34
    11039.94        67.32
    11044.94        67.29
    11049.94        67.28
    11054.95        67.20
    11059.95        67.12
    11064.95        67.11
    11069.96        67.08
    11074.96        67.02
    11079.96        66.98
    11084.96        66.91
    11089.97        66.85
    11094.97        66.85
    11099.97        66.81
    11104.98        66.70
    11109.98        66.71
    11114.98        66.66
    11119.99        66.63
    11124.99        66.56
    11129.99        66.50
    11134.99        66.42
    11140.00        66.39
    11145.00        66.42
    11150.00        66.35
    11155.01        66.31
    11160.01        66.29
    11165.01        66.24
    11170.02        66.23
    11175.02        66.20
    11180.02        66.14
    11185.02        66.02
    11190.03        65.97
    11195.03        65.98
    11200.03        65.91
    11205.04        65.84
    11210.04        65.75
    11215.04        65.70
    11220.05        65.70
    11225.05        65.70
    11230.05        65.66
    11235.05        65.64
    11240.06        65.53
    11245.06        65.52
    11250.06        65.41
    11255.07        65.41
    11260.07        65.38
    11265.07        65.35
    11270.08        65.25
    11275.08        65.23
    11280.08        65.14
    11285.08        65.03
    11290.09        65.01
    11295.09        65.02
    11300.09        64.96
    11305.10        64.98
    11310.10        64.96
    11315.10        64.83
    11320.11        64.69
    11325.11        64.64
    11330.11        64.64
    11335.11        64.68
    11340.12        64.59
    11345.12        64.58
    11350.12        64.55
    11355.13        64.56
    11360.13        64.47
    11365.13        64.38
    11370.14        64.34
    11375.14        64.27
    11380.14        64.16
    11385.14        64.01
    11390.15        64.13
    11395.15        64.06
    11400.15        64.00
    11405.16        63.94
    11410.16        63.91
    11415.16        63.85
    11420.17        63.81
    11425.17        63.76
    11430.17        63.67
    11435.17        63.62
    11440.18        63.42
    11445.18        63.40
    11450.18        63.38
    11455.19        63.39
    11460.19        63.28
    11465.19        63.27
    11470.20        63.27
    11475.20        63.20
    11480.20        63.13
    11485.20        63.09
    11490.21        63.05
    11495.21        63.09
    11500.21        63.01
    11505.22        62.89
    11510.22        62.89
    11515.22        62.86
    11520.23        62.77
    11525.23        62.82
    11530.23        62.68
    11535.23        62.70
    11540.24        62.61
    11545.24        62.51
    11550.24        62.37
    11555.25        62.43
    11560.25        62.35
    11565.25        62.03
    11570.26        62.06
    11575.26        62.13
    11580.26        62.07
    11585.26        62.02
    11590.27        61.97
    11595.27        61.89
    11600.27        61.89
    11605.28        61.58
    11610.28        61.56
    11615.28        61.65
    11620.29        61.29
    11625.29        61.47
    11630.29        61.38
    11635.29        61.24
    11640.30        61.21
    11645.30        61.17
    11650.30        61.14
    11655.31        61.11
    11660.31        61.21
    11665.31        61.25
    11670.32        61.23
    11675.32        61.11
    11680.32        61.07
    11685.32        61.00
    11690.33        60.99
    11695.33        60.64
    11700.33        60.81
    11705.34        60.80
    11710.34        60.72
    11715.34        60.65
    11720.35        60.61
    11725.35        60.27
    11730.35        60.21
    11735.35        60.00
    11740.36        60.03
    11745.36        60.00
    11750.36        60.26
    11755.37        60.17
    11760.37        60.12
    11765.37        59.94
    11770.38        59.85
    11775.38        59.78
    11780.38        59.74
    11785.38        59.71
    11790.39        59.76
    11795.39        59.75
    11800.39        59.34
    11805.40        59.59
    11810.40        59.53
    11815.40        59.27
    11820.41        59.01
    11825.41        59.01
    11830.41        59.33
    11835.41        59.18
    11840.42        58.89
    11845.42        59.03
    11850.42        59.12
    11855.43        59.10
    11860.43        58.99
    11865.43        58.98
    11870.44        58.88
    11875.44        58.85
    11880.44        58.39
    11885.44        58.46
    11890.45        58.41
    11895.45        58.61
    11900.45        58.62
    11905.46        58.48
    11910.46        58.25
    11915.46        58.15
    11920.47        58.22
    11925.47        58.13
    11930.47        58.00
    11935.47        57.92
    11940.48        57.79
    11945.48        57.88
    11950.48        57.93
    11955.49        57.85
    11960.49        57.52
    11965.49        57.69
    11970.50        57.78
    11975.50        57.71
    11980.50        57.56
    11985.50        57.52
    11990.51        57.44
    11995.51        57.28
    12000.51        57.15
    12005.52        57.24
    12010.52        57.17
    12015.52        57.24
    12020.53        57.00
    12025.53        56.98
    12030.53        56.76
    12035.53        56.68
    12040.54        56.57
    12045.54        56.59
    12050.54        56.53
    12055.55        56.54
    12060.55        56.57
    12065.55        56.60
    12070.56        56.48
    12075.56        56.44
    12080.56        56.42
    12085.56        56.37
    12090.57        56.31
    12095.57        56.32
    12100.57        56.24
    12105.58        55.96
    12110.58        55.75
    12115.58        55.79
    12120.59        55.74
    12125.59        55.58
    12130.59        55.49
    12135.59        55.42
    12140.60        55.36
    12145.60        55.36
    12150.60        55.42
    12155.61        55.35
    12160.61        55.27
    12165.61        55.27
    12170.61        55.23
    12175.62        55.17
    12180.62        55.08
    12185.62        55.07
    12190.63        54.94
    12195.63        54.91
    12200.63        54.89
    12205.64        54.83
    12210.64        54.79
    12215.64        54.70
    12220.64        54.73
    12225.65        54.66
    12230.65        54.57
    12235.65        54.54
    12240.66        54.46
    12245.66        54.42
    12250.66        54.37
    12255.67        54.25
    12260.67        54.22
    12265.67        54.15
    12270.67        54.02
    12275.68        53.97
    12280.68        53.89
    12285.68        53.65
    12290.69        53.70
    12295.69        53.75
    12300.69        53.73
    12305.70        53.76
    12310.70        53.76
    12315.70        53.69
    12320.70        53.47
    12325.71        53.24
    12330.71        53.06
    12335.71        53.24
    12340.72        53.35
    12345.72        53.28
    12350.72        53.25
    12355.73        53.15
    12360.73        53.10
    12365.73        52.98
    12370.73        52.85
    12375.74        52.85
    12380.74        52.83
    12385.74        52.77
    12390.75        52.71
    12395.75        52.65
    12400.75        52.65
    12405.76        52.57
    12410.76        52.53
    12415.76        52.52
    12420.76        52.48
    12425.77        52.45
    12430.77        52.40
    12435.77        52.33
    12440.78        52.23
    12445.78        52.04
    12450.78        52.02
    12455.79        51.97
    12460.79        51.88
    12465.79        51.84
    12470.79        51.80
    12475.80        51.76
    12480.80        51.70
    12485.80        51.63
    12490.81        51.57
    12495.81        51.48
    12500.81        51.43
    12505.82        51.39
    12510.82        51.32
    12515.82        51.32
    12520.82        51.23
    12525.83        51.18
    12530.83        51.10
    12535.83        51.08
    12540.84        51.06
    12545.84        51.02
    12550.84        50.93
    12555.85        50.88
    12560.85        50.83
    12565.85        50.77
    12570.85        50.72
    12575.86        50.67
    12580.86        50.55
    12585.86        50.46
    12590.87        50.40
    12595.87        50.32
    12600.87        50.25
    12605.88        50.19
    12610.88        50.10
    12615.88        50.06
    12620.88        50.01
    12625.89        49.95
    12630.89        49.95
    12635.89        49.89
    12640.90        49.77
    12645.90        49.65
    12650.90        49.55
    12655.90        49.50
    12660.91        49.45
    12665.91        49.39
    12670.91        49.29
    12675.92        49.27
    12680.92        49.20
    12685.92        49.16
    12690.93        49.10
    12695.93        49.12
    12700.93        49.06
    12705.93        48.97
    12710.94        48.98
    12715.94        48.95
    12720.94        48.90
    12725.95        48.83
    12730.95        48.85
    12735.95        48.79
    12740.96        48.80
    12745.96        48.76
    12750.96        48.75
    12755.96        48.68
    12760.97        48.65
    12765.97        48.61
    12770.97        48.53
    12775.98        48.38
    12780.98        48.25
    12785.98        48.24
    12790.99        48.12
    12795.99        48.13
    12800.99        48.11
    12805.99        48.13
    12811.00        48.05
    12816.00        47.93
    12821.00        47.84
    12826.01        47.77
    12831.01        47.69
    12836.01        47.61
    12841.02        47.52
    12846.02        47.47
    12851.02        47.37
    12856.02        47.23
    12861.03        47.19
    12866.03        47.14
    12871.03        47.05
    12876.04        47.03
    12881.04        46.96
    12886.04        46.89
    12891.05        46.80
    12896.05        46.71
    12901.05        46.60
    12906.05        46.56
    12911.06        46.48
    12916.06        46.39
    12921.06        46.38
    12926.07        46.30
    12931.07        46.22
    12936.07        46.19
    12941.07        46.11
    12946.08        46.11
    12951.08        46.07
    12956.08        46.01
    12961.09        45.95
    12966.09        45.85
    12971.09        45.70
    12976.10        45.62
    12981.10        45.60
    12986.10        45.48
    12991.10        45.38
    12996.11        45.31
    13001.11        45.24
    13006.11        45.13
    13011.12        45.04
    13016.12        44.99
    13021.12        44.88
    13026.13        44.81
    13031.13        44.73
    13036.13        44.70
    13041.13        44.64
    13046.14        44.56
    13051.14        44.54
    13056.14        44.41
    13061.15        44.33
    13066.15        44.21
    13071.15        44.11
    13076.16        44.02
    13081.16        43.95
    13086.16        43.92
    13091.16        43.81
    13096.17        43.72
    13101.17        43.61
    13106.17        43.56
    13111.18        43.43
    13116.18        43.37
    13121.18        43.35
    13126.19        43.25
    13131.19        43.25
    13136.19        43.21
    13141.19        43.12
    13146.20        43.01
    13151.20        42.95
    13156.20        42.92
    13161.21        42.73
    13166.21        42.61
    13171.21        42.49
    13176.22        42.38
    13181.22        42.35
    13186.22        42.34
    13191.22        42.18
    13196.23        42.12
    13201.23        42.06
    13206.23        41.95
    13211.24        41.92
    13216.24        41.93
    13221.24        41.78
    13226.24        41.74
    13231.25        41.62
    13236.25        41.53
    13241.25        41.44
    13246.26        41.43
    13251.26        41.27
    13256.26        41.21
    13261.27        41.14
    13266.27        41.01
    13271.27        40.99
    13276.27        40.93
    13281.28        40.82
    13286.28        40.73
    13291.28        40.69
    13296.29        40.58
    13301.29        40.52
    13306.29        40.46
    13311.30        40.37
    13316.30        40.30
    13321.30        40.26
    13326.30        40.33
    13331.31        40.30
    13336.31        40.29
    13341.31        40.34
    13346.32        40.27
    13351.32        40.14
    13356.32        40.35
    13361.33        40.38
    13366.33        40.23
    13371.33        40.14
    13376.33        40.21
    13381.34        40.14
    13386.34        40.26
    13391.34        39.91
    13396.35        39.90
    13401.35        39.44
    13406.35        39.36
    13411.35        39.43
    13416.36        39.59
    13421.36        40.04
    13426.36        39.82
    13431.37        39.46
    13436.37        39.58
    13441.37        39.55
    13446.38        39.26
    13451.38        39.15
    13456.38        39.07
    13461.38        38.93
    13466.39        38.92
    13471.39        39.20
    13476.39        39.42
    13481.40        39.44
    13486.40        39.37
    13491.40        39.29
    13496.41        39.12
    13501.41        39.11
    13506.41        39.09
    13511.41        39.06
    13516.42        38.89
    13521.42        38.98
    13526.42        38.75
    13531.43        39.01
    13536.43        38.96
    13541.43        38.81
    13546.44        38.74
    13551.44        38.76
    13556.44        38.83
    13561.44        38.76
    13566.45        38.67
    13571.45        38.66
    13576.45        38.76
    13581.46        38.65
    13586.46        38.59
    13591.46        38.61
    13596.46        38.60
    13601.47        38.55
    13606.47        38.52
    13611.47        38.52
    13616.48        38.48
    13621.48        38.44
    13626.48        38.38
    13631.49        38.34
    13636.49        38.22
    13641.49        38.23
    13646.49        38.31
    13651.50        38.28
    13656.50        38.24
    13661.50        38.30
    13666.51        38.22
    13671.51        38.15
    13676.51        38.01
    13681.52        37.97
    13686.52        37.90
    13691.52        37.89
    13696.52        37.91
    13701.53        37.84
    13706.53        37.83
    13711.53        37.82
    13716.54        37.74
    13717.52        37.74
    13722.52        37.70
    13727.52        37.64
    13732.53        37.60
    13737.53        37.61
    13742.53        37.53
    13747.54        37.47
    13752.54        37.32
    13757.54        37.37
    13762.54        37.32
    13767.55        37.26
    13772.55        37.27
    13777.55        37.26
    13782.56        37.21
    13787.56        37.14
    13792.56        37.08
    13797.57        37.08
    13802.57        37.04
    13807.57        37.01
    13812.57        36.92
    13817.58        36.90
    13822.58        36.89
    13827.58        36.92
    13832.59        36.82
    13837.59        36.88
    13842.59        36.85
    13847.60        36.78
    13852.60        36.73
    13857.60        36.62
    13862.60        36.71
    13867.61        36.70
    13872.61        36.54
    13877.61        36.53
    13882.62        36.46
    13887.62        36.48
    13892.62        36.42
    13897.63        36.43
    13902.63        36.33
    13907.63        36.26
    13912.63        36.17
    13917.64        36.13
    13922.64        36.17
    13927.64        36.14
    13932.65        35.86
    13937.65        35.82
    13942.65        35.82
    13947.65        35.82
    13952.66        35.67
    13957.66        35.62
    13962.66        35.60
    13967.67        35.56
    13972.67        35.49
    13977.67        35.41
    13982.68        35.39
    13987.68        35.35
    13992.68        35.27
    13997.68        35.20
    14002.69        35.11
    14007.69        35.12
    14012.69        35.06
    14017.70        35.09
    14022.70        34.98
    14027.70        35.07
    14032.71        35.07
    14037.71        35.02
    14042.71        34.97
    14047.71        34.91
    14052.72        34.75
    14057.72        34.69
    14062.72        34.67
    14067.73        34.66
    14072.73        34.63
    14077.73        34.50
    14082.74        34.48
    14087.74        34.42
    14092.74        34.32
    14097.74        34.30
    14102.75        34.23
    14107.75        34.20
    14112.75        34.18
    14117.76        34.09
    14122.76        34.06
    14127.76        33.95
    14132.76        34.02
    14137.77        34.01
    14142.77        33.93
    14147.77        33.82
    14152.78        33.73
    14157.78        33.65
    14162.78        33.59
    14167.79        33.55
    14172.79        33.50
    14177.79        33.44
    14182.79        33.43
    14187.80        33.34
    14192.80        33.29
    14197.80        33.29
    14202.81        33.17
    14207.81        33.19
    14212.81        33.16
    14217.82        33.07
    14222.82        33.00
    14227.82        33.05
    14232.82        32.96
    14237.83        32.92
    14242.83        32.91
    14247.83        32.83
    14252.84        32.81
    14257.84        32.68
    14262.84        32.69
    14267.84        32.60
    14272.85        32.57
    14277.85        32.50
    14282.85        32.42
    14287.86        32.44
    14292.86        32.33
    14297.86        32.28
    14302.87        32.30
    14307.87        32.19
    14312.87        32.11
    14317.87        32.06
    14322.88        32.06
    14327.88        32.01
    14332.88        31.94
    14337.89        31.87
    14342.89        31.81
    14347.89        31.78
    14352.90        31.76
    14357.90        31.75
    14362.90        31.68
    14367.90        31.60
    14372.91        31.52
    14377.91        31.52
    14382.91        31.44
    14387.92        31.40
    14392.92        31.33
    14397.92        31.31
    14402.92        31.26
    14407.93        31.21
    14412.93        31.19
    14417.93        31.11
    14422.94        31.03
    14427.94        31.01
    14432.94        30.97
    14437.95        30.95
    14442.95        30.89
    14447.95        30.81
    14452.95        30.74
    14457.96        30.69
    14462.96        30.67
    14467.96        30.58
    14472.97        30.53
    14477.97        30.46
    14482.97        30.38
    14487.98        30.31
    14492.98        30.29
    14497.98        30.26
    14502.98        30.17
    14507.99        30.15
    14512.99        30.17
    14517.99        30.09
    14523.00        30.14
    14528.00        30.06
    14533.00        29.98
    14538.00        29.94
    14543.01        29.84
    14548.01        29.77
    14553.01        29.83
    14558.02        29.77
    14563.02        29.64
    14568.02        29.64
    14573.03        29.59
    14578.03        29.55
    14583.03        29.52
    14588.03        29.49
    14593.04        29.43
    14598.04        29.33
    14603.04        29.32
    14608.05        29.20
    14613.05        29.20
    14618.05        29.12
    14623.06        29.13
    14628.06        29.07
    14633.06        29.05
    14638.06        29.01
    14643.07        28.94
    14648.07        28.85
    14653.07        28.83
    14658.08        28.76
    14663.08        28.78
    14668.08        28.75
    14673.08        28.71
    14678.09        28.68
    14683.09        28.56
    14688.09        28.47
    14693.10        28.52
    14698.10        28.47
    14703.10        28.34
    14708.11        28.36
    14713.11        28.30
    14718.11        28.26
    14723.11        28.24
    14728.12        28.16
    14733.12        28.07
    14738.12        28.11
    14743.13        28.02
    14748.13        27.90
    14753.13        27.96
    14758.13        27.97
    14763.14        27.80
    14768.14        27.75
    14773.14        27.71
    14778.15        27.61
    14783.15        27.59
    14788.15        27.59
    14793.16        27.47
    14798.16        27.36
    14803.16        27.34
    14808.16        27.37
    14813.17        27.24
    14818.17        27.27
    14823.17        27.20
    14828.18        27.12
    14833.18        27.08
    14838.18        27.19
    14843.19        27.02
    14848.19        26.90
    14853.19        26.82
    14858.19        26.75
    14863.20        26.80
    14868.20        26.80
    14873.20        26.86
    14878.21        26.81
    14883.21        26.78
    14888.21        26.67
    14893.21        26.55
    14898.22        26.55
    14903.22        26.46
    14908.22        26.35
    14913.23        26.30
    14918.23        26.32
    14923.23        26.25
    14928.24        26.28
    14933.24        26.27
    14938.24        26.00
    14943.24        25.98
    14948.25        26.06
    14953.25        25.97
    14958.25        25.92
    14963.26        25.80
    14968.26        25.84
    14973.26        25.80
    14978.26        25.82
    14983.27        25.71
    14988.27        25.72
    14993.27        25.67
    14998.28        25.61
    15003.28        25.63
    15008.28        25.61
    15013.29        25.45
    15018.29        25.45
    15023.29        25.46
    15028.29        25.31
    15033.30        25.25
    15038.30        25.27
    15043.30        25.37
    15048.31        25.16
    15053.31        25.13
    15058.31        25.14
    15063.32        25.02
    15068.32        24.97
    15073.32        24.98
    15078.32        24.93
    15083.33        24.97
    15088.33        24.91
    15093.33        24.85
    15098.34        24.74
    15103.34        24.85
    15108.34        24.85
    15113.34        24.68
    15118.35        24.72
    15123.35        24.71
    15128.35        24.59
    15133.36        24.47
    15138.36        24.49
    15143.36        24.42
    15148.37        24.53
    15153.37        24.52
    15158.37        24.42
    15163.37        24.37
    15168.38        24.31
    15173.38        24.25
    15178.38        24.21
    15183.39        24.20
    15188.39        24.09
    15193.39        24.13
    15198.39        24.16
    15203.40        24.03
    15208.40        24.04
    15213.40        24.01
    15218.41        23.89
    15223.41        23.91
    15228.41        23.83
    15233.42        23.86
    15238.42        23.70
    15243.42        23.62
    15248.42        23.57
    15253.43        23.57
    15258.43        23.55
    15263.43        23.49
    15268.44        23.46
    15273.44        23.41
    15278.44        23.49
    15283.45        23.37
    15288.45        23.42
    15293.45        23.37
    15298.45        23.28
    15303.46        23.20
    15308.46        23.17
    15313.46        23.17
    15318.47        23.05
    15323.47        23.00
    15328.47        23.03
    15333.47        22.93
    15338.48        22.78
    15343.48        22.78
    15348.48        22.80
    15353.49        22.77
    15358.49        22.73
    15363.49        22.61
    15368.50        22.60
    15373.50        22.63
    15378.50        22.63
    15383.50        22.55
    15388.51        22.42
    15393.51        22.39
    15398.51        22.29
    15403.52        22.24
    15408.52        22.27
    15413.52        22.21
    15418.52        22.20
    15423.53        22.14
    15428.53        21.98
    15433.53        22.01
    15438.54        21.96
    15443.54        21.89
    15448.54        21.85
    15453.55        21.76
    15458.55        21.66
    15463.55        21.58
    15468.55        21.53
    15473.56        21.53
    15478.56        21.45
    15483.56        21.46
    15488.57        21.34
    15493.57        21.20
    15498.57        21.20
    15503.57        21.13
    15508.58        20.99
    15513.58        21.01
    15518.58        20.94
    15523.59        20.84
    15528.59        20.90
    15533.59        20.90
    15538.60        20.84
    15543.60        20.79
    15548.60        20.67
    15553.60        20.64
    15558.61        20.71
    15563.61        20.65
    15568.61        20.55
    15573.62        20.59
    15578.62        20.49
    15583.62        20.43
    15588.62        20.49
    15593.63        20.28
    15598.63        20.39
    15603.63        20.34
    15608.64        20.32
    15613.64        20.26
    15618.64        20.27
    15623.65        20.11
    15628.65        20.07
    15633.65        20.00
    15638.65        20.00
    15643.66        20.03
    15648.66        20.00
    15653.66        20.00
    15658.67        19.84
    15663.67        19.99
    15668.67        19.93
    15673.68        20.00
    15678.68        19.83
    15683.68        19.96
    15688.68        19.86
    15693.69        19.84
    15698.69        19.80
    15703.69        19.73
    15708.70        19.66
    15713.70        19.66
    15718.70        19.56
    15723.70        19.54
    15728.71        19.56
    15733.71        19.51
    15738.71        19.43
    15743.72        19.62
    15748.72        19.42
    15753.72        19.35
    15758.73        19.39
    15763.73        19.40
    15768.73        19.44
    15773.73        19.31
    15778.74        19.25
    15783.74        19.24
    15788.74        19.26
    15793.75        19.28
    15798.75        19.07
    15803.75        19.00
    15808.75        19.05
    15813.76        19.08
    15818.76        19.14
    15823.76        19.12
    15828.77        18.99
    15833.77        18.92
    15838.77        18.92
    15843.78        18.87
    15848.78        18.86
    15853.78        18.69
    15858.78        18.62
    15863.79        18.79
    15868.79        18.91
    15873.79        18.89
    15878.80        18.74
    15883.80        18.79
    15888.80        18.80
    15893.80        18.82
    15898.81        18.74
    15903.81        18.72
    15908.81        18.72
    15913.82        18.72
    15918.82        18.86
    15923.82        18.79
    15928.83        18.76
    15933.83        18.71
    15938.83        18.69
    15943.83        18.76
    15948.84        18.70
    15953.84        18.63
    15958.84        18.69
    15963.85        18.75
    15968.85        18.65
    15973.85        18.60
    15978.85        18.69
    15983.86        18.72
    15988.86        18.65
    15993.86        18.69
    15998.87        18.69
    16003.87        18.67
    16008.87        18.76
    16013.88        18.71
    16018.88        18.71
    16023.88        18.81
    16028.88        18.73
    16033.89        18.70
    16038.89        18.74
    16043.89        18.72
    16048.90        18.75
    16053.90        18.71
    16058.90        18.73
    16063.90        18.85
    16068.91        18.83
    16073.91        18.82
    16078.91        18.80
    16083.92        18.75
    16088.92        18.79
    16093.92        18.75
    16098.93        18.86
    16103.93        18.85
    16108.93        18.87
    16113.93        18.92
    16118.94        18.94
    16123.94        18.92
    16128.94        18.95
    16133.95        18.94
    16138.95        18.93
    16143.95        18.89
    16148.95        18.92
    16153.96        18.95
    16158.96        18.84
    16163.96        18.83
    16168.97        18.88
    16173.97        18.89
    16178.97        18.99
    16183.98        18.94
    16188.98        18.94
    16193.98        18.95
    16198.98        18.92
    16203.99        19.02
    16208.99        19.04
    16213.99        19.08
    16219.00        19.05
    16224.00        19.00
    16229.00        19.07
    16234.00        19.08
    16239.01        19.20
    16244.01        19.25
    16249.01        19.36
    16254.02        19.32
    16259.02        19.34
    16264.02        19.36
    16269.03        19.38
    16274.03        19.53
    16279.03        19.44
    16284.03        19.41
    16289.04        19.40
    16294.04        19.38
    16299.04        19.36
    16304.05        19.38
    16309.05        19.33
    16314.05        19.40
    16319.05        19.32
    16324.06        19.30
    16329.06        19.41
    16334.06        19.35
    16339.07        19.37
    16344.07        19.35
    16349.07        19.30
    16354.08        19.30
    16359.08        19.34
    16364.08        19.37
    16369.08        19.26
    16374.09        19.17
    16379.09        19.22
    16384.09        19.14
    16389.10        19.09
    16394.10        19.15
    16399.10        19.18
    16404.10        19.19
    16409.11        19.15
    16414.11        19.18
    16419.11        19.20
    16424.12        19.19
    16429.12        19.14
    16434.12        19.12
    16439.12        19.16
    16444.13        19.10
    16449.13        19.20
    16454.13        19.11
    16459.14        18.96
    16464.14        19.12
    16469.14        19.09
    16474.15        19.08
    16479.15        19.10
    16484.15        19.07
    16489.15        19.04
    16494.16        19.07
    16499.16        19.07
    16504.16        18.99
    16509.17        18.96
    16514.17        18.92
    16519.17        18.94
    16524.17        18.79
    16529.18        18.87
    16534.18        18.82
    16539.18        18.76
    16544.19        18.75
    16549.19        18.71
    16554.19        18.66
    16559.20        18.57
    16564.20        18.52
    16569.20        18.57
    16574.20        18.59
    16579.21        18.49
    16584.21        18.46
    16589.21        18.55
    16594.22        18.50
    16599.22        18.42
    16604.22        18.45
    16609.22        18.42
    16614.23        18.30
    16619.23        18.37
    16624.23        18.34
    16629.24        18.30
    16634.24        18.30
    16639.24        18.28
    16644.25        18.25
    16649.25        18.26
    16654.25        18.29
    16659.25        18.26
    16664.26        18.25
    16669.26        18.19
    16674.26        18.17
    16679.27        18.14
    16684.27        18.17
    16689.27        18.17
    16694.27        18.21
    16699.28        18.25
    16704.28        18.18
    16709.28        18.12
    16714.29        18.21
    16719.29        18.16
    16724.29        18.21
    16729.30        18.26
    16734.30        18.14
    16739.30        18.22
    16744.30        18.26
    16749.31        18.23
    16754.31        18.25
    16759.31        18.19
    16764.32        18.16
    16769.32        18.08
    16774.32        18.06
    16779.32        18.07
    16784.33        18.10
    16789.33        18.03
    16794.33        18.04
    16799.34        18.09
    16804.34        18.11
    16809.34        18.11
    16814.34        18.10
    16819.35        17.98
    16824.35        17.95
    16829.35        17.88
    16834.36        17.92
    16839.36        17.95
    16844.36        17.99
    16849.37        17.90
    16854.37        17.92
    16859.37        17.91
    16864.37        17.92
    16869.38        17.87
    16874.38        17.87
    16879.38        17.88
    16884.39        17.87
    16889.39        17.91
    16894.39        17.92
    16899.39        17.89
    16904.40        17.85
    16909.40        17.89
    16914.40        17.88
    16919.41        17.83
    16924.41        17.82
    16929.41        17.83
    16934.42        17.80
    16939.42        17.77
    16944.42        17.74
    16949.42        17.78
    16954.43        17.77
    16959.43        17.75
    16964.43        17.72
    16969.44        17.73
    16974.44        17.68
    16979.44        17.69
    16984.44        17.63
    16989.45        17.64
    16994.45        17.57
    16999.45        17.57
    17004.46        17.54
    17009.46        17.55
    17014.46        17.53
    17019.47        17.54
    17024.47        17.51
    17029.47        17.47
    17034.47        17.46
    17039.48        17.44
    17044.48        17.45
    17049.48        17.44
    17054.49        17.41
    17059.49        17.43
    17064.49        17.46
    17069.49        17.49
    17074.50        17.47
    17079.50        17.43
    17084.50        17.40
    17089.51        17.31
    17094.51        17.34
    17099.51        17.37
    17104.51        17.38
    17109.52        17.45
    17114.52        17.36
    17119.52        17.35
    17124.53        17.36
    17129.53        17.24
    17134.53        17.21
    17139.54        17.23
    17144.54        17.21
    17149.54        17.24
    17154.54        17.19
    17159.55        17.16
    17164.55        17.25
    17169.55        17.21
    17174.56        17.19
    17179.56        17.13
    17184.56        17.11
    17189.56        17.03
    17194.57        17.09
    17199.57        17.09
    17204.57        17.17
    17209.58        17.17
    17214.58        17.06
    17219.58        17.05
    17224.59        17.08
    17229.59        17.01
    17234.59        16.97
    17239.59        16.98
    17244.60        16.96
    17249.60        16.90
    17254.60        16.92
    17259.61        16.89
    17264.61        16.83
    17269.61        16.74
    17274.61        16.71
    17279.62        16.68
    17284.62        16.67
    17289.62        16.72
    17294.63        16.61
    17299.63        16.66
    17304.63        16.58
    17309.63        16.62
    17314.64        16.61
    17319.64        16.60
    17324.64        16.60
    17329.65        16.56
    17334.65        16.50
    17339.65        16.54
    17344.66        16.60
    17349.66        16.50
    17354.66        16.62
    17359.66        16.56
    17364.67        16.51
    17369.67        16.53
    17374.67        16.58
    17379.68        16.51
    17384.68        16.59
    17389.68        16.54
    17394.68        16.57
    17399.69        16.48
    17404.69        16.56
    17409.69        16.46
    17414.70        16.53
    17419.70        16.57
    17424.70        16.62
    17429.70        16.51
    17434.71        16.54
    17439.71        16.61
    17444.71        16.50
    17449.72        16.44
    17454.72        16.47
    17459.72        16.47
    17464.73        16.60
    17469.73        16.37
    17474.73        16.40
    17479.73        16.40
    17484.74        16.37
    17489.74        16.41
    17494.74        16.24
    17499.75        16.22
    17504.75        16.30
    17509.75        16.25
    17514.75        16.14
    17519.76        16.13
    17524.76        16.16
    17529.76        16.14
    17534.77        16.15
    17539.77        16.18
    17544.77        16.22
    17549.78        16.19
    17554.78        16.06
    17559.78        16.05
    17564.78        16.00
    17569.79        16.00
    17574.79        16.03
    17579.79        15.96
    17584.80        15.92
    17589.80        15.92
    17594.80        15.90
    17599.80        15.83
    17604.81        15.78
    17609.81        15.77
    17614.81        15.72
    17619.82        15.74
    17624.82        15.68
    17629.82        15.68
    17634.82        15.68
    17639.83        15.63
    17644.83        15.64
    17649.83        15.59
    17654.84        15.48
    17659.84        15.47
    17664.84        15.45
    17669.85        15.37
    17674.85        15.43
    17679.85        15.41
    17684.85        15.37
    17689.86        15.38
    17694.86        15.38
    17699.86        15.41
    17704.87        15.38
    17709.87        15.43
    17714.87        15.39
    17719.87        15.32
    17724.88        15.33
    17729.88        15.30
    17734.88        15.31
    17739.89        15.33
    17744.89        15.32
    17749.89        15.19
    17754.89        15.21
    17759.90        15.14
    17764.90        15.14
    17769.90        15.06
    17774.91        15.09
    17779.91        14.88
    17784.91        14.93
    17789.92        14.96
    17794.92        14.87
    17799.92        14.77
    17804.92        14.78
    17809.93        14.82
    17814.93        14.83
    17819.93        14.77
    17824.94        14.74
    17829.94        14.76
    17834.94        14.79
    17839.94        14.75
    17844.95        14.68
    17849.95        14.73
    17854.95        14.64
    17859.96        14.65
