# MB_2m_NZGD2000_NZTM_OD - Mean
# Coordinate Projection: NZTM
# Attribute Unit: m
# Z-axis convention: Up is positive
# Distance Unit: m
# Start Location: 1358862.238 4864998.501
# End Location: 1371353.282 4853064.966
# Format: Distance    Attribute
        0.00        92.97
        5.00        92.64
       10.01        92.36
       15.01        92.18
       20.01        91.97
       25.02        91.84
       30.02        91.71
       35.02        91.57
       40.02        91.34
       45.03        91.33
       50.03        91.17
       55.03        90.93
       60.04        90.78
       65.04        90.75
       70.04        90.44
       75.05        90.41
       80.05        90.90
       85.05        90.83
       90.06        90.48
       95.06        90.22
      100.06        90.03
      105.07        90.00
      110.07        89.97
      115.07        89.40
      120.07        89.30
      125.08        89.16
      130.08        89.18
      135.08        89.95
      140.09        91.50
      145.09        92.42
      150.09        91.67
      155.10        90.42
      160.10        90.02
      165.10        89.40
      170.11        89.47
      175.11        89.71
      180.11        89.68
      185.11        89.51
      190.12        89.34
      195.12        89.34
      200.12        89.20
      205.13        88.41
      210.13        88.59
      215.13        88.33
      220.14        88.56
      225.14        88.80
      230.14        88.25
      235.15        88.29
      240.15        88.49
      245.15        88.14
      250.16        88.17
      255.16        88.40
      260.16        88.72
      265.16        88.94
      270.17        88.36
      275.17        88.50
      280.17        88.93
      285.18        88.45
      290.18        88.44
      295.18        88.39
      300.19        88.37
      305.19        88.37
      310.19        88.33
      315.20        88.30
      320.20        88.25
      325.20        88.18
      330.20        88.15
      335.21        88.09
      340.21        88.03
      345.21        87.99
      350.22        87.93
      355.22        87.89
      360.22        87.88
      365.23        87.85
      370.23        87.82
      375.23        87.78
      380.24        87.75
      385.24        87.69
      390.24        87.64
      395.25        87.61
      400.25        87.54
      405.25        87.50
      410.25        87.45
      415.26        87.40
      420.26        87.40
      425.26        87.37
      430.27        87.34
      435.27        87.31
      440.27        87.30
      445.28        87.27
      450.28        87.20
      455.28        87.12
      460.29        86.77
      465.29        86.38
      470.29        86.86
      475.29        86.89
      480.30        86.78
      485.30        86.26
      490.30        86.15
      495.31        86.06
      500.31        86.27
      505.31        86.41
      510.32        87.23
      515.32        87.26
      520.32        87.37
      525.33        87.35
      530.33        86.51
      535.33        86.23
      540.34        86.38
      545.34        87.10
      550.34        87.18
      555.34        86.43
      560.35        86.41
      565.35        86.37
      570.35        86.26
      575.36        86.24
      580.36        86.23
      585.36        86.25
      590.37        86.27
      595.37        86.26
      600.37        86.26
      605.38        86.24
      610.38        86.24
      615.38        86.18
      620.38        86.10
      625.39        86.07
      630.39        86.06
      635.39        86.05
      640.40        86.02
      645.40        86.02
      650.40        85.98
      655.41        85.95
      660.41        85.93
      664.63        85.89
      669.64        85.87
      674.64        85.80
      679.64        85.79
      684.65        85.76
      689.65        85.72
      694.65        85.70
      699.66        85.65
      704.66        85.63
      709.66        85.61
      714.66        85.62
      719.67        85.61
      724.67        85.61
      729.67        85.60
      734.68        85.57
      739.68        85.55
      744.68        85.52
      749.69        85.50
      754.69        85.48
      759.69        85.48
      764.70        85.47
      769.70        85.45
      774.70        85.45
      779.71        85.44
      784.71        85.43
      789.71        85.42
      794.71        85.41
      799.72        85.37
      804.72        85.33
      809.72        85.29
      814.73        85.25
      819.73        85.23
      824.73        85.15
      829.74        85.10
      834.74        84.98
      839.74        84.91
      844.75        84.78
      849.75        84.62
      854.75        85.52
      859.75        85.61
      864.76        85.54
      869.76        85.50
      874.76        85.40
      879.77        85.39
      884.77        85.37
      889.77        85.34
      894.78        85.28
      899.78        85.24
      904.78        85.22
      909.79        85.16
      914.79        85.11
      919.79        85.05
      924.80        85.01
      929.80        85.03
      934.80        85.01
      939.80        84.99
      944.81        84.99
      949.81        84.99
      954.81        84.97
      959.82        84.94
      964.82        84.94
      969.82        84.89
      974.83        84.81
      979.83        84.62
      984.83        84.28
      989.84        84.26
      994.84        84.21
      999.84        84.22
     1004.84        84.24
     1009.85        84.28
     1014.85        84.28
     1019.85        84.31
     1024.86        84.29
     1029.86        84.26
     1034.86        84.28
     1039.87        84.31
     1044.87        84.29
     1049.87        84.27
     1054.88        84.25
     1059.88        84.21
     1064.88        84.20
     1069.88        84.17
     1074.89        84.15
     1079.89        84.14
     1084.89        84.09
     1089.90        84.12
     1094.90        84.05
     1099.90        83.99
     1104.91        84.01
     1109.91        84.00
     1114.91        83.98
     1119.92        83.99
     1124.92        84.00
     1129.92        84.00
     1134.92        84.00
     1139.93        83.99
     1144.93        83.99
     1149.93        83.98
     1154.94        83.96
     1159.94        83.93
     1164.94        83.91
     1169.95        83.90
     1174.95        83.90
     1179.95        83.89
     1184.96        83.93
     1189.96        83.97
     1194.96        83.96
     1199.97        83.97
     1204.97        84.00
     1209.97        83.99
     1214.97        84.00
     1219.98        84.01
     1224.98        83.81
     1229.98        83.40
     1234.99        83.18
     1239.99        83.30
     1244.99        83.34
     1250.00        83.50
     1255.00        83.62
     1260.00        83.70
     1265.01        83.73
     1270.01        83.74
     1275.01        83.78
     1280.01        83.68
     1285.02        83.54
     1290.02        83.39
     1295.02        83.18
     1300.03        82.58
     1305.03        83.08
     1310.03        83.03
     1315.04        83.19
     1320.04        83.19
     1325.04        83.22
     1330.05        83.13
     1335.05        83.28
     1340.05        83.32
     1345.05        83.32
     1350.06        83.30
     1355.06        83.24
     1360.06        83.30
     1365.07        83.30
     1370.07        83.29
     1375.07        83.22
     1379.42        83.27
     1384.43        83.26
     1389.43        83.24
     1394.43        83.25
     1399.43        83.22
     1404.44        83.19
     1409.44        83.17
     1414.44        83.12
     1419.45        83.08
     1424.45        83.14
     1429.45        83.14
     1434.46        83.11
     1439.46        83.12
     1444.46        83.11
     1449.47        83.16
     1454.47        83.13
     1459.47        83.20
     1464.47        83.22
     1469.48        83.22
     1474.48        83.22
     1479.48        83.24
     1484.49        83.25
     1489.49        83.22
     1494.49        83.20
     1499.50        83.16
     1504.50        83.15
     1509.50        83.11
     1514.51        83.13
     1519.51        83.15
     1524.51        83.15
     1529.51        83.10
     1534.52        83.04
     1539.52        83.05
     1544.52        83.03
     1549.53        83.00
     1554.53        83.02
     1559.53        83.03
     1564.54        83.03
     1569.54        83.01
     1574.54        82.99
     1579.55        82.97
     1584.55        82.97
     1589.55        82.98
     1594.55        82.96
     1599.56        82.97
     1604.56        83.03
     1609.56        83.00
     1614.57        82.97
     1619.57        82.98
     1624.57        83.01
     1629.58        82.96
     1634.58        82.98
     1639.58        82.97
     1644.59        83.01
     1649.59        83.01
     1654.59        82.98
     1659.60        82.96
     1664.60        82.97
     1669.60        82.96
     1674.60        82.96
     1679.61        82.97
     1684.61        82.94
     1689.61        82.93
     1694.62        82.91
     1699.62        82.91
     1704.62        82.88
     1709.63        82.88
     1714.63        82.83
     1719.63        82.87
     1724.64        82.86
     1729.64        82.86
     1734.64        82.86
     1739.64        82.83
     1744.65        82.84
     1749.65        82.86
     1754.65        82.87
     1759.66        82.86
     1764.66        82.80
     1769.66        82.77
     1774.67        82.76
     1779.67        82.73
     1784.67        82.74
     1789.68        82.68
     1794.68        82.71
     1799.68        82.70
     1804.68        82.73
     1809.69        82.76
     1814.69        82.72
     1819.69        82.71
     1824.70        82.73
     1829.70        82.75
     1834.70        82.74
     1839.71        82.69
     1844.71        82.69
     1849.71        82.72
     1854.72        82.72
     1859.72        82.71
     1864.72        82.70
     1869.72        82.71
     1874.73        82.77
     1879.73        82.71
     1884.73        82.72
     1889.74        82.75
     1894.74        82.79
     1899.74        82.77
     1904.75        82.77
     1909.75        82.79
     1914.75        82.80
     1919.76        82.83
     1924.76        82.83
     1929.76        82.82
     1934.76        82.80
     1939.77        82.82
     1944.77        82.81
     1949.77        82.79
     1954.78        82.80
     1959.78        82.85
     1964.78        82.88
     1969.79        82.87
     1974.79        82.88
     1979.79        82.91
     1984.80        82.91
     1989.80        82.87
     1994.80        82.87
     1999.80        82.90
     2004.81        82.89
     2009.81        82.90
     2014.81        82.89
     2019.82        82.91
     2024.82        82.89
     2029.82        82.85
     2034.83        82.82
     2039.83        82.82
     2044.83        82.81
     2049.84        82.82
     2054.84        82.79
     2059.84        82.76
     2064.84        82.76
     2069.85        82.72
     2074.85        82.69
     2079.85        82.73
     2084.86        82.72
     2089.86        82.70
     2094.86        82.70
     2099.87        82.66
     2104.87        82.65
     2109.87        82.63
     2111.66        82.63
     2116.67        82.64
     2121.67        82.63
     2126.67        82.64
     2131.68        82.66
     2136.68        82.66
     2141.68        82.63
     2146.68        82.61
     2151.69        82.57
     2156.69        82.64
     2161.69        82.56
     2166.70        82.59
     2171.70        82.58
     2176.70        82.56
     2181.71        82.54
     2186.71        82.52
     2191.71        82.52
     2196.72        82.52
     2201.72        82.53
     2206.72        82.55
     2211.72        82.56
     2216.73        82.53
     2221.73        82.51
     2226.73        82.49
     2231.74        82.46
     2236.74        82.46
     2241.74        82.47
     2246.75        82.48
     2251.75        82.48
     2256.75        82.49
     2261.76        82.50
     2266.76        82.51
     2271.76        82.48
     2276.76        82.47
     2281.77        82.45
     2286.77        82.44
     2291.77        82.43
     2296.78        82.44
     2301.78        82.42
     2306.78        82.41
     2311.79        82.40
     2316.79        82.42
     2321.79        82.43
     2326.80        82.44
     2331.80        82.43
     2336.80        82.43
     2341.80        82.43
     2346.81        82.43
     2351.81        82.41
     2356.81        82.43
     2361.82        82.40
     2366.82        82.40
     2371.82        82.38
     2376.83        82.37
     2381.83        82.38
     2386.83        82.37
     2391.84        82.36
     2396.84        82.34
     2401.84        82.36
     2406.84        82.36
     2411.85        82.37
     2416.85        82.37
     2421.85        82.37
     2426.86        82.36
     2431.86        82.36
     2436.86        82.32
     2441.87        82.27
     2446.87        82.31
     2451.87        82.34
     2456.88        82.33
     2461.88        82.29
     2466.88        82.29
     2471.88        82.28
     2476.89        82.23
     2481.89        82.27
     2486.89        82.27
     2491.90        82.24
     2496.90        82.27
     2501.90        82.28
     2506.91        82.27
     2511.91        82.28
     2516.91        82.28
     2521.92        82.29
     2526.92        82.27
     2531.92        82.24
     2536.92        82.24
     2541.93        82.24
     2546.93        82.23
     2551.93        82.23
     2556.94        82.23
     2561.94        82.22
     2566.94        82.21
     2571.95        82.21
     2576.95        82.23
     2581.95        82.23
     2586.96        82.20
     2591.96        82.20
     2596.96        82.21
     2601.96        82.22
     2606.97        82.18
     2611.97        82.21
     2616.97        82.19
     2621.98        82.21
     2626.98        82.18
     2631.98        82.16
     2636.99        82.16
     2641.99        82.19
     2646.99        82.20
     2652.00        82.17
     2657.00        82.17
     2662.00        82.17
     2667.00        82.16
     2672.01        82.13
     2677.01        82.12
     2682.01        82.15
     2687.02        82.16
     2692.02        82.15
     2697.02        82.13
     2702.03        82.11
     2707.03        82.12
     2712.03        82.12
     2717.03        82.09
     2722.04        82.11
     2727.04        82.11
     2732.04        82.10
     2737.05        82.10
     2742.05        82.08
     2747.05        82.09
     2752.06        82.08
     2757.06        82.07
     2762.06        82.06
     2767.07        82.06
     2772.07        82.03
     2777.07        82.04
     2782.07        82.06
     2787.08        82.06
     2792.08        82.06
     2797.08        82.04
     2802.09        82.01
     2807.09        81.98
     2812.09        81.97
     2817.10        81.98
     2822.10        82.01
     2827.10        82.01
     2832.11        82.00
     2837.11        81.98
     2842.11        81.96
     2847.11        81.96
     2852.12        81.96
     2857.12        81.97
     2862.12        81.97
     2867.13        81.97
     2872.13        81.95
     2877.13        81.94
     2882.14        81.92
     2887.14        81.92
     2892.14        81.88
     2897.15        81.91
     2902.15        81.90
     2907.15        81.89
     2912.15        81.90
     2917.16        81.90
     2922.16        81.90
     2927.16        81.91
     2932.17        81.90
     2937.17        81.90
     2942.17        81.88
     2947.18        81.87
     2952.18        81.87
     2957.18        81.87
     2962.19        81.88
     2967.19        81.89
     2972.19        81.88
     2977.19        81.89
     2982.20        81.89
     2987.20        81.89
     2992.20        81.90
     2997.21        81.89
     3002.21        81.91
     3007.21        81.93
     3012.22        81.91
     3017.22        81.91
     3022.22        81.91
     3027.23        81.90
     3032.23        81.92
     3037.23        81.93
     3042.23        81.92
     3047.24        81.93
     3052.24        81.94
     3057.24        81.98
     3062.25        82.01
     3067.25        82.01
     3072.25        82.02
     3077.26        82.02
     3082.26        82.02
     3087.26        82.01
     3092.27        82.05
     3097.27        82.05
     3102.27        82.04
     3107.27        82.03
     3112.28        82.04
     3117.28        82.04
     3122.28        82.06
     3127.29        82.07
     3132.29        82.10
     3137.29        82.12
     3142.30        82.14
     3147.30        82.12
     3152.30        82.09
     3157.30        82.08
     3162.31        82.07
     3167.31        82.08
     3172.31        82.07
     3177.32        82.10
     3182.32        82.11
     3187.32        82.10
     3192.33        82.08
     3197.33        82.10
     3202.33        82.12
     3207.34        82.12
     3212.34        82.12
     3217.34        82.12
     3222.34        82.12
     3227.35        82.13
     3232.35        82.12
     3237.35        82.11
     3239.11        82.11
     3244.11        82.10
     3249.11        82.09
     3254.12        82.07
     3259.12        82.07
     3264.12        82.06
     3269.12        82.05
     3274.13        82.04
     3279.13        82.05
     3284.13        82.06
     3289.14        82.07
     3294.14        82.05
     3299.14        82.03
     3304.15        82.06
     3309.15        82.05
     3314.15        82.00
     3319.15        82.00
     3324.16        82.01
     3329.16        82.02
     3334.16        82.00
     3339.17        81.99
     3344.17        82.00
     3349.17        81.98
     3354.18        81.98
     3359.18        81.97
     3364.18        81.97
     3369.19        81.93
     3374.19        81.97
     3379.19        81.99
     3384.19        81.98
     3389.20        81.99
     3394.20        81.97
     3399.20        81.95
     3404.21        81.97
     3409.21        81.95
     3414.21        81.93
     3419.22        81.94
     3424.22        81.94
     3429.22        81.92
     3434.23        81.92
     3439.23        81.91
     3444.23        81.92
     3449.23        81.93
     3454.24        81.95
     3459.24        81.94
     3464.24        81.92
     3469.25        81.90
     3474.25        81.87
     3479.25        81.87
     3484.26        81.88
     3489.26        81.86
     3494.26        81.85
     3499.26        81.85
     3504.27        81.85
     3509.27        81.87
     3514.27        81.87
     3519.28        81.87
     3524.28        81.86
     3529.28        81.86
     3534.29        81.85
     3539.29        81.84
     3544.29        81.85
     3549.30        81.83
     3554.30        81.82
     3559.30        81.81
     3564.30        81.81
     3569.31        81.80
     3574.31        81.81
     3579.31        81.82
     3584.32        81.82
     3589.32        81.81
     3594.32        81.78
     3599.33        81.78
     3604.33        81.78
     3609.33        81.80
     3614.34        81.77
     3619.34        81.78
     3624.34        81.78
     3629.34        81.78
     3634.35        81.78
     3639.35        81.75
     3644.35        81.76
     3649.36        81.76
     3654.36        81.74
     3659.36        81.73
     3664.37        81.73
     3669.37        81.71
     3674.37        81.72
     3679.38        81.74
     3684.38        81.74
     3689.38        81.72
     3694.38        81.71
     3699.39        81.71
     3704.39        81.69
     3709.39        81.69
     3714.40        81.67
     3719.40        81.68
     3724.40        81.68
     3729.41        81.68
     3734.41        81.69
     3739.41        81.69
     3744.41        81.68
     3749.42        81.65
     3754.42        81.64
     3759.42        81.65
     3764.43        81.64
     3769.43        81.63
     3774.43        81.64
     3779.44        81.64
     3784.44        81.64
     3789.44        81.63
     3794.45        81.61
     3799.45        81.61
     3804.45        81.59
     3809.45        81.59
     3814.46        81.59
     3819.46        81.58
     3824.46        81.56
     3829.47        81.56
     3834.47        81.56
     3839.47        81.55
     3844.48        81.55
     3849.48        81.56
     3854.48        81.55
     3859.49        81.59
     3864.49        81.60
     3869.49        81.54
     3874.49        81.50
     3879.50        81.47
     3884.50        81.48
     3889.50        81.49
     3894.51        81.49
     3899.51        81.50
     3904.51        81.53
     3909.52        81.52
     3914.52        81.47
     3919.52        81.43
     3924.52        81.44
     3929.53        81.44
     3934.53        81.44
     3939.53        81.46
     3944.54        81.47
     3949.54        81.50
     3954.54        81.48
     3959.55        81.46
     3964.55        81.42
     3969.55        81.41
     3974.56        81.41
     3979.56        81.41
     3984.56        81.40
     3989.56        81.38
     3994.57        81.37
     3999.57        81.39
     4004.57        81.37
     4009.58        81.38
     4014.58        81.37
     4019.58        81.36
     4024.59        81.35
     4029.59        81.34
     4034.59        81.33
     4039.59        81.33
     4044.60        81.35
     4049.60        81.35
     4054.60        81.32
     4059.61        81.26
     4064.61        81.28
     4069.61        81.26
     4074.62        81.27
     4079.62        81.28
     4084.62        81.31
     4089.63        81.32
     4094.63        81.29
     4099.63        81.27
     4104.63        81.26
     4109.64        81.24
     4114.64        81.24
     4119.64        81.23
     4124.65        81.22
     4129.65        81.23
     4134.65        81.24
     4139.66        81.26
     4144.66        81.25
     4149.66        81.24
     4154.67        81.21
     4159.67        81.20
     4164.67        81.21
     4169.67        81.21
     4174.68        81.20
     4179.68        81.20
     4184.68        81.19
     4189.69        81.17
     4194.69        81.18
     4199.69        81.17
     4204.70        81.15
     4209.70        81.14
     4214.70        81.14
     4219.70        81.14
     4224.71        81.15
     4229.71        81.13
     4234.71        81.10
     4239.72        81.11
     4244.72        81.09
     4249.72        81.08
     4254.73        81.07
     4259.73        81.06
     4264.73        81.06
     4269.74        81.06
     4274.74        81.06
     4279.74        81.07
     4284.74        81.09
     4289.75        81.08
     4294.75        81.04
     4299.75        81.02
     4304.76        80.99
     4309.76        80.98
     4314.76        80.98
     4319.77        80.99
     4324.77        80.99
     4329.77        80.96
     4334.77        80.95
     4339.78        80.93
     4344.78        80.90
     4349.78        80.87
     4354.79        80.91
     4359.79        80.93
     4364.79        80.97
     4369.80        80.93
     4374.80        80.91
     4379.80        80.87
     4384.81        80.85
     4389.81        80.84
     4394.81        80.85
     4399.81        80.85
     4404.82        80.86
     4409.82        80.84
     4414.82        80.82
     4419.83        80.82
     4424.83        80.80
     4429.83        80.78
     4434.84        80.77
     4439.84        80.78
     4444.84        80.77
     4449.84        80.77
     4454.85        80.75
     4459.85        80.70
     4464.85        80.69
     4469.86        80.67
     4474.86        80.66
     4479.86        80.63
     4484.87        80.65
     4489.87        80.66
     4494.87        80.66
     4499.88        80.63
     4504.88        80.61
     4509.88        80.63
     4514.88        80.61
     4519.89        80.56
     4524.89        80.53
     4529.89        80.58
     4534.90        80.57
     4539.90        80.55
     4544.90        80.54
     4549.91        80.51
     4554.91        80.50
     4559.91        80.48
     4564.91        80.48
     4569.92        80.48
     4574.92        80.47
     4579.92        80.45
     4584.93        80.45
     4586.38        80.45
     4591.38        80.42
     4596.38        80.40
     4601.39        80.38
     4606.39        80.36
     4611.39        80.38
     4616.39        80.35
     4621.40        80.31
     4626.40        80.28
     4631.40        80.25
     4636.41        80.23
     4641.41        80.21
     4646.41        80.20
     4651.42        80.18
     4656.42        80.15
     4661.42        80.11
     4666.43        80.11
     4671.43        80.07
     4676.43        80.05
     4681.43        80.07
     4686.44        80.00
     4691.44        79.94
     4696.44        79.88
     4701.45        79.84
     4706.45        79.78
     4711.45        79.78
     4716.46        79.72
     4721.46        79.67
     4726.46        79.61
     4731.46        79.57
     4736.47        79.50
     4741.47        79.47
     4746.47        79.44
     4751.48        79.43
     4756.48        79.43
     4761.48        79.39
     4766.49        79.33
     4771.49        79.34
     4776.49        79.22
     4781.49        79.06
     4786.50        78.73
     4791.50        79.02
     4796.50        79.31
     4801.51        79.25
     4806.51        79.17
     4811.51        78.79
     4816.52        78.95
     4821.52        78.94
     4826.52        78.79
     4831.53        78.87
     4836.53        78.81
     4841.53        78.71
     4846.53        78.53
     4851.54        77.96
     4856.54        78.01
     4861.54        77.82
     4866.55        78.05
     4871.55        78.05
     4876.55        78.17
     4881.56        78.27
     4886.56        78.54
     4891.56        78.71
     4896.56        78.72
     4901.57        78.79
     4906.57        78.80
     4911.57        78.87
     4916.58        78.97
     4921.58        79.01
     4926.58        79.09
     4931.59        79.13
     4936.59        79.17
     4941.59        79.27
     4946.60        79.32
     4951.60        79.32
     4956.60        79.39
     4961.60        79.44
     4966.61        79.50
     4971.61        79.51
     4976.61        79.56
     4981.62        79.58
     4986.62        79.60
     4991.62        79.62
     4996.63        79.61
     5001.63        79.63
     5006.63        79.65
     5011.63        79.66
     5016.64        79.69
     5021.64        79.73
     5026.64        79.74
     5031.65        79.75
     5036.65        79.75
     5041.65        79.77
     5046.66        79.78
     5051.66        79.80
     5056.66        79.82
     5061.67        79.82
     5066.67        79.85
     5071.67        79.84
     5076.67        79.86
     5081.68        79.84
     5086.68        79.84
     5091.68        79.85
     5096.69        79.86
     5101.69        79.89
     5106.69        79.90
     5111.70        79.90
     5116.70        79.92
     5121.70        79.92
     5126.70        79.95
     5131.71        79.94
     5136.71        79.92
     5141.71        79.92
     5146.72        79.94
     5151.72        79.97
     5156.72        79.98
     5161.73        80.01
     5166.73        80.02
     5171.73        80.04
     5176.74        80.04
     5181.74        80.04
     5186.74        80.06
     5191.74        80.05
     5196.75        80.06
     5201.75        80.06
     5206.75        80.09
     5211.76        80.11
     5216.76        80.11
     5221.76        80.10
     5226.77        80.10
     5231.77        80.11
     5236.77        80.11
     5241.77        80.13
     5246.78        80.14
     5251.78        80.17
     5256.78        80.18
     5261.79        80.19
     5266.79        80.18
     5271.79        80.19
     5276.80        80.18
     5281.80        80.17
     5286.80        80.18
     5291.80        80.18
     5296.81        80.20
     5301.81        80.22
     5306.81        80.22
     5311.82        80.23
     5316.82        80.23
     5321.82        80.25
     5323.28        80.25
     5328.28        80.26
     5333.29        80.26
     5338.29        80.26
     5343.29        80.25
     5348.29        80.25
     5353.30        80.25
     5358.30        80.27
     5363.30        80.29
     5368.31        80.30
     5373.31        80.32
     5378.31        80.31
     5383.32        80.32
     5388.32        80.32
     5393.32        80.32
     5398.32        80.32
     5403.33        80.33
     5408.33        80.31
     5413.33        80.32
     5418.34        80.32
     5423.34        80.33
     5428.34        80.35
     5433.35        80.38
     5438.35        80.39
     5443.35        80.40
     5448.36        80.39
     5453.36        80.36
     5458.36        80.35
     5463.36        80.36
     5468.37        80.39
     5473.37        80.40
     5478.37        80.42
     5483.38        80.41
     5488.38        80.41
     5493.38        80.41
     5498.39        80.41
     5503.39        80.41
     5508.39        80.42
     5513.39        80.43
     5518.40        80.42
     5523.40        80.42
     5528.40        80.45
     5533.41        80.44
     5538.41        80.46
     5543.41        80.47
     5548.42        80.49
     5553.42        80.50
     5558.42        80.49
     5563.42        80.49
     5568.43        80.49
     5573.43        80.48
     5578.43        80.47
     5583.44        80.48
     5588.44        80.49
     5593.44        80.51
     5598.45        80.54
     5603.45        80.54
     5608.45        80.54
     5613.46        80.54
     5618.46        80.53
     5623.46        80.52
     5628.46        80.52
     5633.47        80.53
     5638.47        80.52
     5643.47        80.49
     5648.48        80.49
     5653.48        80.55
     5658.48        80.57
     5663.49        80.56
     5668.49        80.55
     5673.49        80.56
     5678.49        80.57
     5683.50        80.58
     5688.50        80.58
     5693.50        80.56
     5698.51        80.54
     5703.51        80.53
     5708.51        80.53
     5713.52        80.54
     5718.52        80.58
     5723.52        80.58
     5728.52        80.60
     5733.53        80.60
     5738.53        80.60
     5743.53        80.54
     5748.54        80.58
     5753.54        80.58
     5758.54        80.57
     5763.55        80.57
     5768.55        80.56
     5773.55        80.55
     5778.56        80.56
     5783.56        80.59
     5788.56        80.61
     5793.56        80.60
     5798.57        80.58
     5803.57        80.58
     5808.57        80.58
     5813.58        80.57
     5818.58        80.57
     5823.58        80.57
     5828.59        80.59
     5833.59        80.60
     5838.59        80.59
     5843.59        80.58
     5848.60        80.59
     5853.60        80.60
     5858.60        80.62
     5863.61        80.63
     5868.61        80.61
     5873.61        80.62
     5878.62        80.59
     5883.62        80.59
     5888.62        80.59
     5893.62        80.58
     5898.63        80.58
     5903.63        80.59
     5908.63        80.60
     5913.64        80.61
     5918.64        80.59
     5923.64        80.62
     5928.65        80.66
     5933.65        80.63
     5938.65        80.62
     5943.66        80.60
     5948.66        80.58
     5953.66        80.57
     5958.66        80.57
     5963.67        80.60
     5968.67        80.64
     5973.67        80.64
     5978.68        80.64
     5983.68        80.62
     5988.68        80.61
     5993.69        80.62
     5998.69        80.61
     6003.69        80.60
     6008.69        80.59
     6013.70        80.60
     6018.70        80.60
     6023.70        80.59
     6028.71        80.59
     6033.71        80.58
     6038.71        80.59
     6043.72        80.61
     6048.72        80.63
     6053.72        80.60
     6058.72        80.59
     6063.73        80.58
     6068.73        80.57
     6073.73        80.57
     6078.74        80.57
     6083.74        80.56
     6088.74        80.58
     6093.75        80.60
     6098.75        80.62
     6103.75        80.66
     6108.75        80.65
     6113.76        80.63
     6118.76        80.60
     6123.76        80.61
     6128.77        80.63
     6133.77        80.63
     6138.77        80.61
     6143.78        80.59
     6148.78        80.60
     6153.78        80.61
     6154.80        80.62
     6159.80        80.65
     6164.81        80.63
     6169.81        80.63
     6174.81        80.61
     6179.81        80.62
     6184.82        80.61
     6189.82        80.60
     6194.82        80.58
     6199.83        80.57
     6204.83        80.58
     6209.83        80.61
     6214.84        80.66
     6219.84        80.65
     6224.84        80.63
     6229.85        80.65
     6234.85        80.62
     6239.85        80.60
     6244.85        80.56
     6249.86        80.55
     6254.86        80.54
     6259.86        80.57
     6264.87        80.61
     6269.87        80.61
     6274.87        80.61
     6279.88        80.60
     6284.88        80.60
     6289.88        80.59
     6294.88        80.56
     6299.89        80.59
     6304.89        80.60
     6309.89        80.60
     6314.90        80.59
     6319.90        80.56
     6324.90        80.56
     6329.91        80.57
     6334.91        80.56
     6339.91        80.55
     6344.91        80.57
     6349.92        80.56
     6354.92        80.53
     6359.92        80.51
     6364.93        80.50
     6369.93        80.53
     6374.93        80.55
     6379.94        80.56
     6384.94        80.54
     6389.94        80.49
     6394.94        80.47
     6399.95        80.49
     6404.95        80.51
     6409.95        80.51
     6414.96        80.54
     6419.96        80.52
     6424.96        80.49
     6429.97        80.46
     6434.97        80.45
     6439.97        80.47
     6444.97        80.49
     6449.98        80.48
     6454.98        80.47
     6459.98        80.45
     6464.99        80.44
     6469.99        80.43
     6474.99        80.43
     6480.00        80.44
     6485.00        80.43
     6490.00        80.43
     6495.01        80.42
     6500.01        80.40
     6505.01        80.44
     6510.01        80.45
     6515.02        80.44
     6520.02        80.42
     6525.02        80.42
     6530.03        80.42
     6535.03        80.39
     6537.67        80.40
     6542.67        80.40
     6547.68        80.37
     6552.68        80.38
     6557.68        80.40
     6562.69        80.37
     6567.69        80.38
     6572.69        80.40
     6577.70        80.39
     6582.70        80.39
     6587.70        80.39
     6592.70        80.38
     6597.71        80.38
     6602.71        80.37
     6607.71        80.38
     6612.72        80.38
     6617.72        80.36
     6622.72        80.32
     6627.73        80.31
     6632.73        80.29
     6637.73        80.31
     6642.73        80.33
     6647.74        80.33
     6652.74        80.31
     6657.74        80.28
     6662.75        80.29
     6667.75        80.31
     6672.75        80.31
     6677.76        80.30
     6682.76        80.29
     6687.76        80.28
     6692.76        80.28
     6697.77        80.27
     6702.77        80.30
     6707.77        80.30
     6712.78        80.29
     6717.78        80.27
     6722.78        80.25
     6727.79        80.25
     6732.79        80.25
     6737.79        80.31
     6742.79        80.30
     6747.80        80.27
     6752.80        80.23
     6757.80        80.23
     6762.81        80.24
     6767.81        80.25
     6772.81        80.24
     6777.82        80.22
     6782.82        80.21
     6787.82        80.23
     6792.82        80.24
     6797.83        80.23
     6802.83        80.23
     6807.83        80.22
     6812.84        80.21
     6817.84        80.20
     6822.84        80.19
     6827.85        80.17
     6832.85        80.17
     6837.85        80.17
     6842.85        80.17
     6847.86        80.18
     6852.86        80.19
     6857.86        80.16
     6862.87        80.16
     6867.87        80.14
     6872.87        80.14
     6877.88        80.14
     6882.88        80.13
     6887.88        80.13
     6892.89        80.11
     6897.89        80.11
     6902.89        80.09
     6907.89        80.10
     6912.90        80.09
     6917.90        80.08
     6922.90        80.08
     6927.91        80.08
     6932.91        80.07
     6937.91        80.08
     6942.92        80.07
     6947.92        80.03
     6952.92        80.05
     6957.92        80.02
     6962.93        80.00
     6967.93        79.96
     6972.93        79.99
     6977.94        80.00
     6982.94        80.01
     6987.94        80.00
     6992.95        80.01
     6997.95        80.00
     7002.95        79.97
     7007.95        79.96
     7012.96        79.96
     7017.96        79.95
     7022.96        79.94
     7027.97        79.92
     7032.97        79.96
     7037.97        79.94
     7042.98        79.90
     7047.98        79.91
     7050.17        79.93
     7055.18        79.89
     7060.18        79.89
     7065.18        79.88
     7070.19        79.88
     7075.19        79.89
     7080.19        79.89
     7085.19        79.89
     7090.20        79.89
     7095.20        79.89
     7100.20        79.90
     7105.21        79.88
     7110.21        79.86
     7115.21        79.82
     7120.22        79.81
     7125.22        79.80
     7130.22        79.78
     7135.22        79.79
     7140.23        79.80
     7145.23        79.83
     7150.23        79.83
     7155.24        79.79
     7160.24        79.79
     7165.24        79.77
     7170.25        79.76
     7175.25        79.76
     7180.25        79.77
     7185.25        79.78
     7190.26        79.74
     7195.26        79.72
     7200.26        79.70
     7205.27        79.70
     7210.27        79.71
     7215.27        79.70
     7220.28        79.71
     7225.28        79.72
     7230.28        79.72
     7235.28        79.71
     7240.29        79.68
     7245.29        79.66
     7250.29        79.65
     7255.30        79.64
     7260.30        79.63
     7265.30        79.62
     7270.31        79.59
     7275.31        79.62
     7280.31        79.60
     7285.31        79.55
     7290.32        79.53
     7295.32        79.56
     7300.32        79.57
     7305.33        79.57
     7310.33        79.55
     7315.33        79.56
     7320.34        79.55
     7325.34        79.54
     7330.34        79.49
     7335.34        79.45
     7340.35        79.47
     7345.35        79.48
     7350.35        79.48
     7355.36        79.46
     7360.36        79.46
     7365.36        79.45
     7370.37        79.44
     7375.37        79.44
     7380.37        79.42
     7385.37        79.43
     7390.38        79.40
     7395.38        79.38
     7400.38        79.36
     7405.39        79.36
     7410.39        79.36
     7415.39        79.36
     7420.40        79.37
     7425.40        79.33
     7430.40        79.33
     7435.40        79.33
     7440.41        79.32
     7445.41        79.31
     7450.41        79.30
     7455.42        79.29
     7460.42        79.30
     7465.42        79.29
     7470.43        79.27
     7475.43        79.28
     7480.43        79.25
     7485.43        79.21
     7490.44        79.18
     7495.44        79.17
     7500.44        79.18
     7505.45        79.23
     7510.45        79.22
     7515.45        79.18
     7520.46        79.16
     7525.46        79.13
     7530.46        79.12
     7535.46        79.13
     7540.47        79.13
     7545.47        79.11
     7550.47        79.12
     7555.48        79.10
     7560.48        79.09
     7565.48        79.07
     7570.49        79.06
     7575.49        79.05
     7580.49        79.05
     7585.50        79.01
     7590.50        78.96
     7595.50        78.96
     7600.50        78.98
     7605.51        78.94
     7610.51        78.94
     7615.51        78.94
     7620.52        78.95
     7625.52        78.95
     7630.52        78.95
     7635.53        78.92
     7640.53        78.88
     7645.53        78.88
     7650.53        78.84
     7655.54        78.80
     7660.54        78.79
     7665.54        78.81
     7670.55        78.83
     7675.55        78.85
     7680.55        78.83
     7685.56        78.83
     7690.56        78.79
     7695.56        78.76
     7700.56        78.77
     7705.57        78.79
     7710.57        78.80
     7715.57        78.77
     7720.58        78.73
     7725.58        78.72
     7730.58        78.70
     7735.59        78.66
     7740.59        78.67
     7745.59        78.69
     7750.59        78.72
     7755.60        78.71
     7760.60        78.68
     7765.60        78.67
     7770.61        78.64
     7775.61        78.60
     7780.61        78.59
     7785.62        78.57
     7790.62        78.55
     7795.62        78.57
     7800.62        78.57
     7805.63        78.56
     7810.63        78.56
     7815.63        78.54
     7820.64        78.53
     7825.64        78.50
     7830.64        78.46
     7835.65        78.44
     7840.65        78.43
     7845.65        78.43
     7850.65        78.42
     7855.66        78.41
     7860.66        78.40
     7865.66        78.40
     7870.67        78.42
     7875.67        78.40
     7880.67        78.37
     7885.68        78.33
     7890.68        78.31
     7895.68        78.29
     7900.68        78.27
     7905.69        78.28
     7910.69        78.27
     7915.69        78.26
     7920.70        78.25
     7925.70        78.24
     7930.70        78.20
     7935.71        78.20
     7940.71        78.17
     7945.71        78.18
     7950.71        78.19
     7955.72        78.16
     7960.72        78.14
     7965.72        78.10
     7970.73        78.07
     7975.73        78.06
     7980.73        78.05
     7985.73        78.07
     7990.74        78.09
     7995.74        78.06
     8000.74        78.01
     8005.75        78.01
     8010.75        77.98
     8015.75        78.00
     8020.76        77.99
     8025.76        77.96
     8030.76        77.93
     8035.76        77.90
     8040.77        77.88
     8045.77        77.86
     8050.77        77.84
     8055.78        77.80
     8060.78        77.79
     8065.78        77.85
     8070.79        77.84
     8075.79        77.77
     8080.79        77.74
     8085.79        77.73
     8090.80        77.69
     8095.80        77.69
     8100.80        77.68
     8105.81        77.66
     8110.81        77.65
     8115.81        77.65
     8120.82        77.62
     8125.82        77.62
     8130.82        77.61
     8135.82        77.57
     8140.83        77.54
     8145.83        77.53
     8150.83        77.50
     8155.84        77.50
     8160.84        77.51
     8165.84        77.53
     8170.85        77.49
     8175.85        77.46
     8180.85        77.43
     8185.85        77.40
     8190.86        77.40
     8195.86        77.39
     8200.86        77.39
     8205.87        77.40
     8210.87        77.38
     8215.87        77.31
     8220.88        77.26
     8225.88        77.26
     8230.88        77.26
     8235.88        77.27
     8240.89        77.25
     8245.89        77.24
     8250.89        77.20
     8255.90        77.16
     8260.90        77.13
     8265.90        77.13
     8270.91        77.13
     8275.91        77.11
     8280.91        77.09
     8285.91        77.04
     8290.92        77.05
     8295.92        77.04
     8300.92        77.00
     8305.93        77.02
     8310.93        77.02
     8315.93        77.01
     8320.94        76.98
     8325.94        76.94
     8328.52        76.91
     8333.52        76.88
     8338.53        76.84
     8343.53        76.82
     8348.53        76.81
     8353.54        76.82
     8358.54        76.82
     8363.54        76.84
     8368.54        76.81
     8373.55        76.75
     8378.55        76.74
     8383.55        76.69
     8388.56        76.68
     8393.56        76.69
     8398.56        76.69
     8403.57        76.66
     8408.57        76.64
     8413.57        76.61
     8418.57        76.60
     8423.58        76.59
     8428.58        76.57
     8433.58        76.55
     8438.59        76.52
     8443.59        76.51
     8448.59        76.50
     8453.60        76.48
     8458.60        76.48
     8463.60        76.44
     8468.60        76.42
     8473.61        76.38
     8478.61        76.36
     8483.61        76.35
     8488.62        76.35
     8493.62        76.35
     8498.62        76.34
     8503.63        76.31
     8508.63        76.29
     8513.63        76.25
     8518.63        76.23
     8523.64        76.21
     8528.64        76.18
     8533.64        76.16
     8538.65        76.17
     8543.65        76.16
     8548.65        76.11
     8553.65        76.10
     8558.66        76.06
     8563.66        76.08
     8568.66        76.02
     8573.67        76.00
     8578.67        75.98
     8583.67        75.97
     8588.68        75.97
     8593.68        75.94
     8598.68        75.94
     8603.68        75.92
     8608.69        75.91
     8613.69        75.88
     8618.69        75.86
     8623.70        75.84
     8628.70        75.82
     8633.70        75.79
     8638.71        75.76
     8643.71        75.75
     8648.71        75.73
     8653.71        75.73
     8658.72        75.70
     8663.72        75.68
     8668.72        75.65
     8673.73        75.62
     8678.73        75.61
     8683.73        75.56
     8688.74        75.53
     8693.74        75.54
     8698.74        75.55
     8703.74        75.50
     8708.75        75.48
     8713.75        75.46
     8718.75        75.43
     8723.76        75.41
     8728.76        75.36
     8733.76        75.36
     8738.77        75.37
     8743.77        75.36
     8748.77        75.32
     8753.77        75.27
     8758.78        75.22
     8763.78        75.23
     8768.78        75.18
     8773.79        75.15
     8778.79        75.15
     8783.79        75.15
     8788.80        75.14
     8793.80        75.12
     8798.80        75.10
     8803.80        75.09
     8808.81        75.04
     8813.81        75.01
     8818.81        74.96
     8823.82        74.95
     8828.82        74.94
     8833.82        74.93
     8838.83        74.90
     8843.83        74.86
     8848.83        74.84
     8853.83        74.84
     8858.84        74.81
     8863.84        74.80
     8868.84        74.80
     8873.85        74.76
     8878.85        74.70
     8883.85        74.69
     8888.86        74.66
     8893.86        74.65
     8898.86        74.60
     8903.86        74.61
     8908.87        74.58
     8913.87        74.60
     8918.87        74.56
     8923.88        74.52
     8928.88        74.49
     8933.88        74.46
     8938.88        74.44
     8943.89        74.43
     8948.89        74.41
     8953.89        74.40
     8958.90        74.38
     8963.90        74.39
     8968.90        74.35
     8973.91        74.33
     8978.91        74.28
     8983.91        74.25
     8988.91        74.21
     8993.92        74.21
     8998.92        74.19
     9003.92        74.17
     9008.93        74.13
     9013.93        74.11
     9018.93        74.10
     9023.94        74.05
     9028.94        74.06
     9033.94        74.05
     9038.94        74.03
     9043.95        74.01
     9048.95        73.94
     9053.95        73.88
     9058.96        73.86
     9063.96        73.88
     9068.96        73.90
     9073.97        73.87
     9078.97        73.86
     9083.97        73.80
     9088.97        73.78
     9093.98        73.74
     9098.98        73.75
     9103.98        73.72
     9108.99        73.70
     9113.99        73.67
     9118.99        73.66
     9124.00        73.65
     9129.00        73.61
     9134.00        73.58
     9139.00        73.54
     9144.01        73.53
     9149.01        73.52
     9154.01        73.49
     9159.02        73.47
     9164.02        73.44
     9169.02        73.41
     9174.03        73.37
     9179.03        73.36
     9184.03        73.35
     9189.03        73.33
     9194.04        73.34
     9199.04        73.28
     9204.04        73.26
     9209.05        73.21
     9214.05        73.18
     9219.05        73.15
     9224.05        73.11
     9229.06        73.10
     9234.06        73.09
     9239.06        73.04
     9244.07        73.03
     9249.07        73.00
     9254.07        72.99
     9259.08        72.95
     9264.08        72.93
     9269.08        72.87
     9274.08        72.83
     9279.09        72.83
     9284.09        72.81
     9289.09        72.77
     9294.10        72.74
     9299.10        72.72
     9304.10        72.68
     9309.11        72.65
     9314.11        72.62
     9319.11        72.66
     9324.11        72.61
     9329.12        72.57
     9334.12        72.49
     9339.12        72.47
     9344.13        72.47
     9349.13        72.42
     9354.13        72.38
     9359.14        72.34
     9364.14        72.33
     9369.14        72.31
     9374.14        72.27
     9379.15        72.28
     9384.15        72.27
     9389.15        72.22
     9394.16        72.15
     9399.16        72.12
     9404.16        72.07
     9409.17        72.05
     9414.17        72.01
     9419.17        72.01
     9424.17        71.99
     9429.18        72.00
     9434.18        71.95
     9439.18        71.90
     9444.19        71.85
     9449.19        71.84
     9454.19        71.84
     9459.19        71.78
     9464.20        71.77
     9469.20        71.74
     9474.20        71.74
     9479.21        71.68
     9484.21        71.63
     9489.21        71.62
     9494.22        71.60
     9497.89        71.60
     9502.90        71.59
     9507.90        71.52
     9512.90        71.48
     9517.90        71.44
     9522.91        71.42
     9527.91        71.42
     9532.91        71.37
     9537.92        71.30
     9542.92        71.26
     9547.92        71.23
     9552.93        71.18
     9557.93        71.18
     9562.93        71.17
     9567.93        71.14
     9572.94        71.08
     9577.94        71.04
     9582.94        71.03
     9587.95        70.99
     9592.95        70.97
     9597.95        70.92
     9602.96        70.89
     9607.96        70.83
     9612.96        70.82
     9617.96        70.79
     9622.97        70.77
     9627.97        70.73
     9632.97        70.68
     9637.98        70.66
     9642.98        70.61
     9647.98        70.59
     9652.98        70.54
     9657.99        70.53
     9662.99        70.49
     9667.99        70.46
     9673.00        70.43
     9678.00        70.37
     9683.00        70.37
     9688.01        70.34
     9693.01        70.31
     9698.01        70.24
     9703.01        70.22
     9708.02        70.19
     9713.02        70.18
     9718.02        70.13
     9723.03        70.09
     9728.03        70.07
     9733.03        70.06
     9738.04        69.99
     9743.04        69.92
     9748.04        69.91
     9753.04        69.90
     9758.05        69.85
     9763.05        69.81
     9768.05        69.84
     9773.06        69.79
     9778.06        69.74
     9783.06        69.68
     9788.07        69.64
     9793.07        69.58
     9798.07        69.55
     9803.07        69.59
     9808.08        69.56
     9813.08        69.51
     9818.08        69.46
     9823.09        69.40
     9828.09        69.37
     9833.09        69.32
     9838.09        69.28
     9843.10        69.27
     9848.10        69.25
     9853.10        69.21
     9858.11        69.17
     9863.11        69.12
     9868.11        69.09
     9873.12        69.05
     9878.12        68.98
     9883.12        68.92
     9888.12        68.86
     9893.13        68.89
     9898.13        68.84
     9903.13        68.81
     9908.14        68.75
     9913.14        68.69
     9918.14        68.67
     9923.15        68.62
     9928.15        68.54
     9933.15        68.49
     9938.15        68.46
     9943.16        68.44
     9948.16        68.37
     9953.16        68.36
     9958.17        68.32
     9963.17        68.27
     9968.17        68.20
     9973.18        68.22
     9978.18        68.12
     9983.18        68.10
     9988.18        68.04
     9993.19        68.00
     9998.19        67.96
    10003.19        67.94
    10008.20        67.95
    10013.20        67.83
    10018.20        67.79
    10023.20        67.73
    10028.21        67.72
    10033.21        67.65
    10038.21        67.65
    10043.22        67.55
    10048.22        67.57
    10053.22        67.51
    10058.23        67.48
    10063.23        67.41
    10068.23        67.32
    10073.23        67.19
    10078.24        67.24
    10083.24        67.22
    10088.24        67.10
    10093.25        67.07
    10098.25        67.02
    10103.25        67.01
    10108.26        66.96
    10113.26        66.94
    10118.26        66.85
    10123.26        66.84
    10128.27        66.80
    10133.27        66.75
    10138.27        66.66
    10143.28        66.56
    10148.28        66.46
    10153.28        66.45
    10158.28        66.37
    10163.29        66.34
    10168.29        66.26
    10173.29        66.18
    10178.30        66.20
    10183.30        66.16
    10188.30        66.09
    10193.31        66.07
    10198.31        66.08
    10203.31        66.03
    10208.31        65.92
    10213.32        65.84
    10218.32        65.79
    10223.32        65.72
    10228.33        65.73
    10233.33        65.67
    10238.33        65.58
    10243.34        65.59
    10248.34        65.51
    10253.34        65.51
    10258.34        65.45
    10263.35        65.39
    10268.35        65.33
    10273.35        65.24
    10278.36        65.26
    10283.36        65.19
    10288.36        65.06
    10293.36        64.97
    10298.37        64.89
    10303.37        64.82
    10308.37        64.93
    10313.38        64.90
    10318.38        64.80
    10323.38        64.81
    10328.39        64.75
    10333.39        64.71
    10338.39        64.59
    10343.39        64.55
    10348.40        64.52
    10353.40        64.50
    10358.40        64.41
    10363.41        64.37
    10368.41        64.32
    10373.41        64.22
    10378.42        64.14
    10383.42        64.07
    10388.42        64.02
    10393.42        63.93
    10398.43        63.89
    10403.43        63.80
    10408.43        63.76
    10413.44        63.69
    10418.44        63.69
    10423.44        63.61
    10428.45        63.54
    10433.45        63.48
    10438.45        63.42
    10443.45        63.41
    10448.46        63.39
    10449.92        63.39
    10454.92        63.28
    10459.92        63.25
    10464.92        63.20
    10469.93        63.12
    10474.93        63.07
    10479.93        63.03
    10484.94        63.01
    10489.94        62.97
    10494.94        62.95
    10499.95        62.85
    10504.95        62.73
    10509.95        62.57
    10514.95        62.52
    10519.96        62.42
    10524.96        62.45
    10529.96        62.46
    10534.97        62.46
    10539.97        62.47
    10544.97        62.42
    10549.98        62.25
    10554.98        62.11
    10559.98        61.96
    10564.98        61.89
    10569.99        61.87
    10574.99        61.86
    10579.99        62.03
    10585.00        62.01
    10590.00        61.94
    10595.00        61.90
    10600.00        61.82
    10605.01        61.79
    10610.01        61.75
    10615.01        61.64
    10620.02        61.63
    10625.02        61.55
    10630.02        61.55
    10635.03        61.45
    10640.03        61.40
    10645.03        61.37
    10650.03        61.29
    10655.04        61.25
    10660.04        61.20
    10665.04        61.13
    10670.05        61.11
    10675.05        61.06
    10680.05        60.96
    10685.06        60.94
    10690.06        60.94
    10695.06        60.90
    10700.06        60.88
    10705.07        60.82
    10710.07        60.79
    10715.07        60.67
    10720.08        60.61
    10725.08        60.59
    10730.08        60.57
    10735.08        60.52
    10740.09        60.45
    10745.09        60.39
    10750.09        60.34
    10755.10        60.26
    10760.10        60.24
    10765.10        60.19
    10770.11        60.14
    10775.11        60.06
    10780.11        59.99
    10785.11        59.93
    10790.12        59.91
    10795.12        59.83
    10800.12        59.82
    10805.13        59.72
    10810.13        59.72
    10815.13        59.69
    10820.14        59.65
    10825.14        59.55
    10830.14        59.20
    10835.14        59.15
    10840.15        59.05
    10845.15        58.99
    10850.15        59.02
    10855.16        58.92
    10860.16        58.86
    10865.16        59.10
    10870.16        59.06
    10875.17        59.01
    10880.17        58.99
    10885.17        58.97
    10890.18        58.60
    10895.18        58.91
    10900.18        58.82
    10905.19        58.83
    10910.19        58.77
    10915.19        58.78
    10920.19        58.67
    10925.20        58.59
    10930.20        58.55
    10935.20        58.53
    10940.21        58.39
    10945.21        58.23
    10950.21        58.20
    10955.22        58.12
    10960.22        58.03
    10965.22        58.02
    10970.22        58.10
    10975.23        58.15
    10980.23        58.14
    10985.23        58.07
    10990.24        57.96
    10995.24        57.73
    11000.24        57.88
    11005.24        57.79
    11010.25        57.72
    11015.25        57.66
    11020.25        57.59
    11025.26        57.35
    11030.26        57.22
    11035.26        57.15
    11040.27        57.11
    11045.27        57.13
    11050.27        57.33
    11055.27        57.29
    11060.28        57.19
    11065.28        57.19
    11070.28        57.11
    11075.29        57.04
    11080.29        56.90
    11085.29        56.92
    11090.29        56.96
    11095.30        56.95
    11100.30        57.02
    11105.30        57.02
    11110.31        57.05
    11115.31        57.03
    11120.31        56.95
    11125.32        56.92
    11130.32        56.68
    11135.32        56.62
    11140.32        56.55
    11145.33        56.57
    11150.33        56.53
    11155.33        56.52
    11160.34        56.44
    11165.34        56.33
    11170.34        56.32
    11175.35        56.30
    11180.35        56.24
    11185.35        56.15
    11190.35        56.00
    11195.36        56.03
    11200.36        55.99
    11205.36        55.93
    11210.37        55.67
    11215.37        55.88
    11220.37        55.86
    11225.37        55.86
    11230.38        55.85
    11235.38        55.84
    11240.38        55.73
    11245.39        55.62
    11250.39        55.58
    11255.39        55.44
    11260.40        55.26
    11265.40        55.32
    11270.40        55.33
    11275.40        55.29
    11280.41        55.13
    11285.41        55.10
    11290.41        55.06
    11295.42        55.03
    11300.42        55.00
    11305.42        54.94
    11310.42        54.85
    11315.43        54.72
    11320.43        54.76
    11325.43        54.79
    11330.44        54.80
    11335.44        54.70
    11340.44        54.67
    11345.45        54.59
    11350.45        54.57
    11355.45        54.50
    11360.45        54.48
    11365.46        54.49
    11370.46        54.48
    11375.46        54.43
    11380.47        54.35
    11385.47        54.32
    11390.47        54.08
    11395.47        54.08
    11400.48        54.08
    11405.48        54.04
    11410.48        54.01
    11415.49        53.97
    11420.49        53.96
    11425.49        53.96
    11430.50        53.94
    11435.50        53.67
    11440.50        53.54
    11445.50        53.52
    11450.51        53.49
    11455.51        53.71
    11460.51        53.69
    11465.52        53.61
    11470.52        53.54
    11475.52        53.52
    11480.53        53.50
    11485.53        53.46
    11490.53        53.42
    11495.53        53.41
    11500.54        53.30
    11505.54        53.21
    11510.54        53.13
    11515.55        53.01
    11520.55        52.91
    11525.55        52.84
    11530.55        52.72
    11535.56        52.66
    11540.56        52.60
    11545.56        52.54
    11550.57        52.50
    11555.57        52.46
    11560.57        52.42
    11565.58        52.41
    11570.58        52.42
    11575.58        52.42
    11580.58        52.41
    11585.59        52.35
    11590.59        52.29
    11595.59        52.26
    11600.60        52.17
    11605.60        52.09
    11610.60        51.95
    11615.60        51.88
    11620.61        51.85
    11625.61        51.83
    11630.61        51.71
    11635.62        51.69
    11640.62        51.63
    11645.62        51.63
    11650.63        51.58
    11655.63        51.50
    11660.63        51.45
    11665.63        51.43
    11670.64        51.34
    11675.64        51.28
    11680.64        51.00
    11685.65        50.89
    11690.65        50.85
    11695.65        50.87
    11700.65        50.94
    11705.66        50.95
    11710.66        50.92
    11715.66        50.86
    11720.67        50.73
    11725.67        50.64
    11730.67        50.61
    11735.68        50.53
    11740.68        50.41
    11745.68        50.39
    11750.68        50.39
    11755.69        50.32
    11760.69        50.29
    11765.69        50.16
    11770.70        50.14
    11775.70        50.12
    11780.70        50.03
    11785.70        50.04
    11790.71        49.97
    11795.71        49.89
    11800.71        49.84
    11805.72        49.83
    11810.72        49.77
    11815.72        49.76
    11820.73        49.70
    11825.73        49.69
    11830.73        49.62
    11835.73        49.61
    11840.74        49.55
    11845.74        49.53
    11850.74        49.47
    11855.75        49.41
    11860.75        49.38
    11865.75        49.29
    11870.75        49.25
    11875.76        49.23
    11880.76        49.16
    11885.76        49.12
    11890.77        49.07
    11895.77        48.99
    11900.77        48.89
    11905.78        48.84
    11910.78        48.82
    11915.78        48.78
    11920.78        48.77
    11925.79        48.72
    11930.79        48.67
    11935.79        48.64
    11940.80        48.61
    11945.80        48.50
    11950.80        48.39
    11955.80        48.33
    11960.81        48.28
    11965.81        48.20
    11970.81        48.13
    11975.82        48.05
    11980.82        48.02
    11985.82        48.02
    11990.83        47.97
    11995.83        47.91
    12000.83        47.81
    12005.83        47.71
    12010.84        47.64
    12015.84        47.53
    12020.84        47.46
    12025.85        47.42
    12030.85        47.39
    12035.85        47.32
    12040.85        47.22
    12045.86        47.11
    12050.86        47.10
    12055.86        47.02
    12060.87        46.98
    12065.87        46.92
    12070.87        46.89
    12075.88        46.87
    12080.88        46.82
    12085.88        46.72
    12090.88        46.66
    12095.89        46.63
    12100.89        46.53
    12105.89        46.46
    12110.90        46.37
    12111.07        46.39
    12116.07        46.29
    12121.08        46.27
    12126.08        46.19
    12131.08        46.16
    12136.09        46.12
    12141.09        46.07
    12146.09        46.00
    12151.09        45.90
    12156.10        45.83
    12161.10        45.74
    12166.10        45.69
    12171.11        45.62
    12176.11        45.58
    12181.11        45.55
    12186.11        45.51
    12191.12        45.42
    12196.12        45.36
    12201.12        45.34
    12206.13        45.29
    12211.13        45.20
    12216.13        45.12
    12221.14        45.13
    12226.14        45.07
    12231.14        45.02
    12236.14        44.97
    12241.15        44.86
    12246.15        44.78
    12251.15        44.73
    12256.16        44.65
    12261.16        44.62
    12266.16        44.53
    12271.16        44.45
    12276.17        44.35
    12281.17        44.24
    12286.17        44.17
    12291.18        44.15
    12296.18        44.07
    12301.18        43.98
    12306.19        43.94
    12311.19        43.90
    12316.19        43.79
    12321.19        43.71
    12326.20        43.65
    12331.20        43.62
    12336.20        43.60
    12341.21        43.53
    12346.21        43.44
    12351.21        43.35
    12356.21        43.30
    12361.22        43.20
    12366.22        43.13
    12371.22        43.14
    12376.23        43.10
    12381.23        43.08
    12386.23        43.04
    12391.24        43.00
    12396.24        42.95
    12401.24        42.77
    12406.24        42.69
    12411.25        42.72
    12416.25        42.72
    12421.25        42.62
    12426.26        42.64
    12431.26        42.54
    12436.26        42.45
    12441.26        42.41
    12446.27        42.34
    12451.27        42.30
    12456.27        42.12
    12461.28        42.07
    12466.28        42.06
    12471.28        42.00
    12476.29        41.90
    12481.29        41.94
    12486.29        41.83
    12491.29        41.67
    12496.30        41.58
    12501.30        41.50
    12506.30        41.29
    12511.31        41.28
    12516.31        41.36
    12521.31        41.38
    12526.31        41.29
    12531.32        41.24
    12536.32        41.39
    12541.32        41.06
    12546.33        41.05
    12551.33        40.90
    12556.33        40.97
    12561.34        40.93
    12566.34        40.79
    12571.34        40.71
    12576.34        40.68
    12581.35        40.59
    12586.35        40.52
    12591.35        40.61
    12596.36        40.59
    12601.36        40.66
    12606.36        40.43
    12611.36        40.32
    12616.37        40.24
    12621.37        40.29
    12626.37        40.31
    12631.38        40.23
    12636.38        40.09
    12641.38        40.05
    12646.38        39.93
    12651.39        39.91
    12656.39        39.98
    12661.39        39.90
    12666.40        39.84
    12671.40        39.59
    12676.40        39.65
    12681.41        39.60
    12686.41        39.57
    12691.41        39.57
    12696.41        39.46
    12701.42        39.51
    12706.42        39.51
    12711.42        39.34
    12716.43        39.33
    12721.43        39.32
    12726.43        39.25
    12731.43        39.20
    12736.44        39.17
    12741.44        39.14
    12746.44        39.20
    12751.45        39.20
    12756.45        39.18
    12761.45        39.11
    12766.46        39.12
    12771.46        39.07
    12776.46        39.09
    12781.46        38.97
    12786.47        38.98
    12791.47        38.94
    12796.47        38.98
    12801.48        39.00
    12806.48        39.02
    12811.48        39.09
    12816.48        39.11
    12821.49        39.10
    12826.49        39.11
    12831.49        39.13
    12836.50        39.03
    12841.50        39.03
    12846.50        38.95
    12851.51        38.89
    12856.51        38.85
    12861.51        38.83
    12866.51        38.72
    12871.52        38.69
    12876.52        38.65
    12881.52        38.61
    12886.53        38.46
    12891.53        38.44
    12896.53        38.45
    12901.53        38.32
    12906.54        38.25
    12911.54        38.19
    12916.54        38.04
    12921.55        37.99
    12926.55        37.88
    12931.55        37.84
    12936.55        37.75
    12941.56        37.65
    12946.56        37.56
    12951.56        37.52
    12956.57        37.50
    12961.57        37.59
    12966.57        37.54
    12971.58        37.59
    12976.58        37.62
    12981.58        37.60
    12986.58        37.60
    12991.59        37.58
    12996.59        37.60
    13001.59        37.54
    13006.60        37.57
    13011.60        37.52
    13016.60        37.45
    13021.60        37.45
    13026.61        37.36
    13031.61        37.42
    13036.61        37.33
    13041.62        37.25
    13046.62        37.16
    13051.62        36.96
    13056.63        36.86
    13061.63        36.84
    13066.63        36.80
    13071.63        36.79
    13076.64        36.83
    13081.64        36.90
    13086.64        36.86
    13091.65        36.84
    13096.65        36.92
    13101.65        36.76
    13106.65        36.77
    13111.66        36.81
    13116.66        36.77
    13121.66        36.70
    13126.67        36.57
    13131.67        36.46
    13136.67        36.50
    13141.67        36.50
    13146.68        36.45
    13151.68        36.51
    13156.68        36.40
    13161.69        36.33
    13166.69        36.33
    13171.69        36.35
    13176.70        36.27
    13181.70        36.19
    13186.70        36.16
    13191.70        36.09
    13196.71        36.03
    13201.71        36.09
    13206.71        35.89
    13211.72        35.86
    13216.72        35.79
    13221.72        35.90
    13226.72        35.84
    13231.73        35.83
    13236.73        35.81
    13241.73        35.72
    13246.74        35.62
    13251.74        35.61
    13256.74        35.58
    13261.75        35.56
    13266.75        35.50
    13271.75        35.47
    13276.75        35.47
    13281.76        35.48
    13286.76        35.39
    13291.76        35.34
    13296.77        35.33
    13301.77        35.30
    13306.77        35.24
    13311.77        35.24
    13316.78        35.21
    13321.78        35.24
    13326.78        35.17
    13331.79        35.10
    13336.79        35.04
    13341.79        35.00
    13346.79        34.99
    13351.80        34.92
    13356.80        34.82
    13361.80        34.74
    13366.81        34.70
    13371.81        34.60
    13376.81        34.57
    13381.82        34.50
    13386.82        34.47
    13391.82        34.46
    13396.82        34.46
    13401.83        34.42
    13406.83        34.43
    13411.83        34.34
    13416.84        34.33
    13421.84        34.30
    13426.84        34.15
    13431.84        34.17
    13436.85        34.14
    13441.85        34.10
    13446.85        34.05
    13451.86        34.01
    13456.86        33.95
    13461.86        33.95
    13466.87        33.86
    13471.87        33.82
    13476.87        33.76
    13481.87        33.70
    13486.88        33.64
    13491.88        33.53
    13496.88        33.55
    13501.89        33.40
    13506.89        33.35
    13511.89        33.32
    13516.89        33.28
    13521.90        33.15
    13526.90        33.09
    13531.90        33.03
    13536.91        32.98
    13541.91        32.94
    13546.91        32.92
    13551.91        32.91
    13556.92        32.89
    13561.92        32.88
    13566.92        32.87
    13571.93        32.84
    13576.93        32.80
    13581.93        32.78
    13586.94        32.73
    13591.94        32.74
    13596.94        32.73
    13601.94        32.72
    13606.95        32.66
    13611.95        32.60
    13616.95        32.58
    13621.96        32.52
    13626.96        32.58
    13631.96        32.63
    13636.96        32.57
    13641.97        32.58
    13646.97        32.62
    13651.97        32.61
    13656.98        32.69
    13661.98        32.61
    13666.98        32.56
    13671.98        32.53
    13676.99        32.43
    13681.99        32.41
    13686.99        32.34
    13692.00        32.31
    13697.00        32.38
    13702.00        32.43
    13707.01        32.43
    13712.01        32.25
    13717.01        32.24
    13722.01        32.19
    13727.02        32.14
    13732.02        32.05
    13737.02        31.94
    13742.03        31.87
    13747.03        31.92
    13752.03        31.87
    13757.03        31.76
    13762.04        31.69
    13767.04        31.47
    13772.04        31.41
    13777.05        31.33
    13782.05        31.34
    13787.05        31.28
    13792.05        31.22
    13797.06        31.23
    13802.06        31.22
    13807.06        31.25
    13812.07        31.17
    13817.07        31.11
    13822.07        31.16
    13827.08        31.21
    13832.08        31.16
    13837.08        31.15
    13842.08        31.25
    13847.09        31.14
    13852.09        31.08
    13857.09        31.21
    13862.10        30.98
    13867.10        30.95
    13872.10        30.88
    13877.10        30.93
    13882.11        30.88
    13887.11        30.89
    13892.11        30.84
    13897.12        30.70
    13902.12        30.72
    13907.12        30.67
    13912.12        30.70
    13917.13        30.66
    13922.13        30.61
    13927.13        30.59
    13932.14        30.61
    13937.14        30.67
    13942.14        30.68
    13947.15        30.64
    13952.15        30.51
    13957.15        30.58
    13962.15        30.56
    13967.16        30.51
    13972.16        30.40
    13977.16        30.32
    13982.17        30.32
    13987.17        30.44
    13992.17        30.40
    13997.17        30.32
    14002.18        30.34
    14007.18        30.28
    14012.18        30.29
    14017.19        30.22
    14022.19        30.19
    14027.19        30.25
    14032.19        30.21
    14037.20        30.17
    14042.20        30.24
    14047.20        30.16
    14052.21        30.21
    14057.21        30.19
    14062.21        30.17
    14067.22        30.16
    14072.22        30.06
    14077.22        29.94
    14082.22        29.92
    14087.23        29.91
    14092.23        29.95
    14097.23        29.81
    14102.24        29.89
    14107.24        29.91
    14112.24        29.94
    14117.24        29.84
    14122.25        29.78
    14127.25        29.77
    14132.25        29.74
    14137.26        29.74
    14142.26        29.77
    14147.26        29.68
    14152.26        29.60
    14157.27        29.65
    14162.27        29.62
    14164.00        29.56
    14169.01        29.55
    14174.01        29.58
    14179.01        29.56
    14184.01        29.55
    14189.02        29.57
    14194.02        29.54
    14199.02        29.43
    14204.03        29.45
    14209.03        29.37
    14214.03        29.35
    14219.04        29.32
    14224.04        29.32
    14229.04        29.35
    14234.04        29.36
    14239.05        29.37
    14244.05        29.39
    14249.05        29.38
    14254.06        29.39
    14259.06        29.31
    14264.06        29.23
    14269.06        29.22
    14274.07        29.12
    14279.07        29.09
    14284.07        29.14
    14289.08        29.16
    14294.08        29.13
    14299.08        29.11
    14304.08        29.07
    14309.09        29.09
    14314.09        28.98
    14319.09        28.94
    14324.10        28.87
    14329.10        28.90
    14334.10        28.87
    14339.10        28.85
    14344.11        28.84
    14349.11        28.86
    14354.11        28.79
    14359.12        28.78
    14364.12        28.74
    14369.12        28.84
    14374.13        28.86
    14379.13        28.85
    14384.13        28.89
    14389.13        28.89
    14394.14        28.87
    14399.14        28.92
    14404.14        28.96
    14409.15        29.01
    14414.15        28.88
    14419.15        28.72
    14424.15        28.67
    14429.16        28.61
    14434.16        28.57
    14439.16        28.51
    14444.17        28.49
    14449.17        28.41
    14454.17        28.46
    14459.17        28.43
    14464.18        28.43
    14469.18        28.35
    14474.18        28.39
    14479.19        28.46
    14484.19        28.52
    14489.19        28.50
    14494.20        28.55
    14499.20        28.56
    14504.20        28.55
    14509.20        28.55
    14514.21        28.52
    14519.21        28.51
    14524.21        28.48
    14529.22        28.59
    14534.22        28.54
    14539.22        28.61
    14544.22        28.59
    14549.23        28.66
    14554.23        28.56
    14559.23        28.59
    14564.24        28.64
    14569.24        28.62
    14574.24        28.60
    14579.24        28.52
    14584.25        28.52
    14589.25        28.51
    14594.25        28.52
    14599.26        28.48
    14604.26        28.48
    14609.26        28.47
    14614.26        28.39
    14619.27        28.37
    14624.27        28.30
    14629.27        28.35
    14634.28        28.33
    14639.28        28.34
    14644.28        28.35
    14649.29        28.33
    14654.29        28.27
    14659.29        28.31
    14664.29        28.28
    14669.30        28.28
    14674.30        28.25
    14679.30        28.24
    14684.31        28.22
    14689.31        28.19
    14694.31        28.23
    14699.31        28.21
    14704.32        28.15
    14709.32        28.17
    14714.32        28.21
    14719.33        28.20
    14724.33        28.22
    14729.33        28.26
    14734.33        28.34
    14739.34        28.33
    14744.34        28.34
    14749.34        28.35
    14754.35        28.36
    14759.35        28.42
    14764.35        28.37
    14769.35        28.46
    14774.36        28.48
    14779.36        28.52
    14784.36        28.46
    14789.37        28.50
    14794.37        28.45
    14799.37        28.38
    14804.38        28.41
    14809.38        28.34
    14814.38        28.27
    14819.38        28.26
    14824.39        28.19
    14829.39        28.30
    14834.39        28.33
    14839.40        28.37
    14844.40        28.37
    14849.40        28.40
    14854.40        28.43
    14859.41        28.43
    14864.41        28.32
    14869.41        28.34
    14874.42        28.30
    14879.42        28.35
    14884.42        28.28
    14889.42        28.26
    14894.43        28.30
    14899.43        28.26
    14904.43        28.19
    14909.44        28.15
    14914.44        28.16
    14919.44        28.14
    14924.44        28.12
    14929.45        28.16
    14934.45        28.15
    14939.45        28.09
    14944.46        28.11
    14949.46        28.08
    14954.46        28.02
    14959.47        28.05
    14964.47        28.04
    14969.47        27.93
    14974.47        27.89
    14979.48        27.74
    14984.48        27.79
    14989.48        27.75
    14994.49        27.68
    14999.49        27.63
    15004.49        27.64
    15009.49        27.69
    15014.50        27.69
    15019.50        27.73
    15024.50        27.69
    15029.51        27.65
    15034.51        27.65
    15039.51        27.59
    15044.51        27.58
    15049.52        27.55
    15054.52        27.56
    15059.52        27.53
    15064.53        27.47
    15069.53        27.45
    15074.53        27.42
    15079.53        27.31
    15084.54        27.29
    15089.54        27.27
    15094.54        27.23
    15099.55        27.24
    15104.55        27.23
    15109.55        27.16
    15114.55        27.17
    15119.56        27.15
    15124.56        27.06
    15129.56        26.99
    15134.57        26.99
    15139.57        26.98
    15144.57        26.96
    15149.58        26.91
    15154.58        26.85
    15159.58        26.80
    15164.58        26.77
    15169.59        26.79
    15174.59        26.71
    15179.59        26.69
    15184.60        26.62
    15189.60        26.66
    15194.60        26.54
    15199.60        26.49
    15204.61        26.50
    15209.61        26.44
    15214.61        26.46
    15219.62        26.45
    15224.62        26.43
    15229.62        26.39
    15234.62        26.36
    15239.63        26.38
    15244.63        26.36
    15249.63        26.31
    15254.64        26.28
    15259.64        26.26
    15264.64        26.22
    15269.64        26.14
    15274.65        26.13
    15279.65        26.08
    15284.65        26.08
    15289.66        26.08
    15294.66        26.02
    15299.66        26.00
    15304.67        26.00
    15309.67        26.01
    15314.67        26.11
    15319.67        26.08
    15324.68        26.11
    15329.68        26.00
    15334.68        25.89
    15339.69        25.81
    15344.69        25.77
    15349.69        25.78
    15354.69        25.72
    15359.70        25.58
    15364.70        25.53
    15369.70        25.55
    15374.71        25.59
    15379.71        25.56
    15384.71        25.53
    15389.71        25.48
    15394.72        25.41
    15399.72        25.42
    15404.72        25.35
    15409.73        25.36
    15414.73        25.28
    15419.73        25.27
    15424.73        25.19
    15429.74        25.14
    15434.74        25.19
    15439.74        25.16
    15444.75        25.13
    15449.75        25.04
    15454.75        25.08
    15459.75        25.01
    15464.76        25.05
    15469.76        25.10
    15474.76        25.05
    15479.77        25.01
    15484.77        24.91
    15489.77        24.96
    15494.78        24.99
    15499.78        24.97
    15504.78        24.96
    15509.78        25.01
    15514.79        25.13
    15519.79        25.07
    15524.79        25.08
    15529.80        25.07
    15534.80        25.08
    15539.80        25.06
    15544.80        25.03
    15549.81        25.04
    15554.81        25.02
    15559.81        24.89
    15564.82        24.84
    15569.82        24.83
    15574.82        24.80
    15579.82        24.81
    15584.83        24.80
    15589.83        24.78
    15594.83        24.74
    15599.84        24.78
    15604.84        24.74
    15609.84        24.73
    15614.84        24.65
    15619.85        24.66
    15624.85        24.65
    15629.85        24.61
    15634.86        24.56
    15639.86        24.49
    15644.86        24.50
    15649.86        24.44
    15654.87        24.33
    15659.87        24.38
    15664.87        24.36
    15669.88        24.33
    15674.88        24.30
    15679.88        24.28
    15684.88        24.25
    15689.89        24.28
    15694.89        24.20
    15699.89        24.21
    15704.90        24.14
    15709.90        24.09
    15714.90        24.05
    15719.91        24.02
    15724.91        23.96
    15729.91        23.93
    15734.91        23.91
    15739.92        23.86
    15744.92        23.80
    15749.92        23.79
    15754.93        23.78
    15759.93        23.78
    15764.93        23.69
    15769.93        23.72
    15774.94        23.69
    15779.94        23.65
    15784.94        23.65
    15789.95        23.65
    15794.95        23.64
    15799.95        23.67
    15804.95        23.56
    15809.96        23.61
    15814.96        23.65
    15819.96        23.64
    15824.97        23.66
    15829.97        23.60
    15834.97        23.58
    15839.97        23.62
    15844.98        23.53
    15849.98        23.58
    15854.98        23.57
    15859.99        23.52
    15864.99        23.56
    15869.99        23.48
    15874.99        23.48
    15880.00        23.47
    15885.00        23.39
    15890.00        23.38
    15895.01        23.35
    15900.01        23.38
    15905.01        23.44
    15910.01        23.42
    15915.02        23.47
    15920.02        23.42
    15925.02        23.43
    15930.03        23.34
    15935.03        23.31
    15940.03        23.34
    15945.04        23.35
    15950.04        23.34
    15955.04        23.39
    15960.04        23.31
    15965.05        23.38
    15970.05        23.39
    15975.05        23.41
    15980.06        23.34
    15985.06        23.29
    15990.06        23.27
    15995.06        23.42
    16000.07        23.40
    16005.07        23.37
    16010.07        23.33
    16015.08        23.32
    16020.08        23.27
    16025.08        23.22
    16030.08        23.24
    16035.09        23.26
    16040.09        23.27
    16045.09        23.20
    16050.10        23.25
    16055.10        23.28
    16060.10        23.24
    16065.10        23.17
    16070.11        23.15
    16075.11        23.10
    16080.11        23.06
    16085.12        23.06
    16090.12        23.04
    16095.12        22.99
    16100.12        22.95
    16105.13        22.93
    16110.13        22.91
    16115.13        22.84
    16120.14        22.97
    16125.14        22.98
    16130.14        22.95
    16135.14        22.89
    16140.15        22.83
    16145.15        22.80
    16150.15        22.74
    16155.16        22.67
    16160.16        22.73
    16165.16        22.71
    16170.16        22.69
    16175.17        22.63
    16180.17        22.68
    16185.17        22.65
    16190.18        22.65
    16195.18        22.64
    16200.18        22.53
    16205.19        22.36
    16210.19        22.51
    16215.19        22.63
    16220.19        22.60
    16225.20        22.47
    16230.20        22.45
    16235.20        22.52
    16240.21        22.44
    16245.21        22.44
    16250.21        22.39
    16255.21        22.28
    16260.22        22.17
    16265.22        22.24
    16270.22        22.34
    16275.23        22.38
    16280.23        22.35
    16285.23        22.31
    16290.23        22.48
    16295.24        22.43
    16300.24        22.53
    16305.24        22.51
    16310.25        22.36
    16315.25        22.29
    16320.25        22.22
    16325.25        22.15
    16330.26        22.10
    16335.26        22.11
    16340.26        22.17
    16345.27        22.12
    16350.27        22.18
    16355.27        22.16
    16360.27        22.14
    16365.28        22.09
    16370.28        22.12
    16375.28        22.13
    16380.29        22.13
    16385.29        22.12
    16390.29        22.08
    16395.29        22.01
    16400.30        21.90
    16405.30        21.94
    16410.30        21.85
    16415.31        21.89
    16420.31        21.88
    16425.31        21.91
    16430.31        21.91
    16435.32        21.89
    16440.32        21.93
    16445.32        21.92
    16450.33        21.86
    16455.33        21.79
    16460.33        21.64
    16465.33        21.65
    16470.34        21.60
    16475.34        21.49
    16480.34        21.58
    16485.35        21.50
    16490.35        21.52
    16495.35        21.47
    16500.36        21.47
    16505.36        21.48
    16510.36        21.46
    16515.36        21.51
    16520.37        21.53
    16525.37        21.52
    16530.37        21.54
    16535.38        21.53
    16540.38        21.59
    16545.38        21.69
    16550.38        21.69
    16555.39        21.60
    16560.39        21.38
    16565.39        21.29
    16570.40        21.34
    16575.40        21.29
    16580.40        21.16
    16585.40        21.16
    16590.41        21.21
    16595.41        21.27
    16600.41        21.26
    16605.42        21.31
    16610.42        21.32
    16615.42        21.32
    16620.42        21.15
    16625.43        21.07
    16630.43        21.16
    16635.43        21.11
    16640.44        21.08
    16645.44        21.06
    16650.44        21.14
    16655.44        21.11
    16660.45        21.09
    16665.45        20.91
    16670.45        20.97
    16675.46        21.02
    16680.46        21.00
    16685.46        20.90
    16690.46        20.89
    16695.47        20.89
    16700.47        20.90
    16705.47        20.90
    16710.48        20.87
    16715.48        20.88
    16720.48        20.85
    16725.48        20.78
    16730.49        20.76
    16735.49        20.68
    16740.49        20.66
    16745.50        20.67
    16750.50        20.60
    16755.50        20.54
    16760.50        20.56
    16765.51        20.54
    16770.51        20.49
    16775.51        20.51
    16780.52        20.46
    16785.52        20.38
    16790.52        20.50
    16795.52        20.50
    16800.53        20.37
    16805.53        20.45
    16810.53        20.38
    16815.54        20.28
    16820.54        20.37
    16825.54        20.33
    16830.55        20.31
    16835.55        20.28
    16840.55        20.17
    16845.55        20.15
    16850.56        20.11
    16855.56        20.06
    16860.56        19.93
    16865.57        19.99
    16870.57        20.08
    16875.57        19.94
    16880.57        19.96
    16885.58        19.83
    16890.58        19.90
    16895.58        19.83
    16900.59        19.84
    16905.59        19.91
    16910.59        19.88
    16915.59        19.88
    16920.60        19.93
    16925.60        19.90
    16930.60        19.77
    16935.61        19.84
    16940.61        19.79
    16945.61        19.76
    16950.61        19.79
    16955.62        19.70
    16960.62        19.72
    16965.62        19.74
    16970.63        19.77
    16975.63        19.72
    16980.63        19.58
    16985.63        19.61
    16990.64        19.58
    16995.64        19.48
    17000.64        19.36
    17005.65        19.46
    17010.65        19.39
    17015.65        19.38
    17020.65        19.31
    17025.66        19.42
    17030.66        19.40
    17035.66        19.33
    17040.67        19.36
    17045.67        19.32
    17050.67        19.34
    17055.67        19.43
    17060.68        19.43
    17065.68        19.43
    17070.68        19.15
    17075.69        19.15
    17080.69        19.08
    17085.69        19.02
    17090.69        19.36
    17095.70        18.95
    17100.70        19.15
    17105.70        19.08
    17110.71        18.91
    17115.71        18.72
    17120.71        18.84
    17125.71        18.86
    17130.72        18.99
    17135.72        18.93
    17140.72        18.91
    17145.73        18.77
    17150.73        18.45
    17155.73        18.46
    17160.73        18.41
    17165.74        18.49
    17170.74        18.44
    17175.74        18.39
    17180.75        18.34
    17185.75        18.46
    17190.75        18.58
    17195.75        18.41
    17200.76        18.38
    17205.76        18.32
    17210.76        18.18
    17215.77        18.36
    17220.77        18.37
    17225.77        18.49
    17230.77        18.36
    17235.78        18.29
    17240.78        18.46
    17245.78        18.51
    17250.79        18.44
    17255.79        18.37
    17260.79        18.26
    17265.79        18.28
    17270.80        18.26
    17275.80        18.39
