# MB_2m_NZGD2000_NZTM_OD - Mean
# Coordinate Projection: NZTM
# Attribute Unit: m
# Z-axis convention: Up is positive
# Distance Unit: m
# Start Location: 1361015.694 4865530.119
# End Location: 1372424.121 4854406.764
# Format: Distance    Attribute
        5.00        90.02
       10.01        90.02
       15.01        89.54
       20.01        88.86
       25.02        88.76
       30.02        88.71
       35.02        88.93
       40.02        89.60
       45.03        89.97
       50.03        89.85
       55.03        89.70
       60.04        89.59
       65.04        88.79
       70.04        88.67
       75.05        88.29
       80.05        88.33
       85.05        88.03
       90.06        87.75
       95.06        89.24
      100.06        87.76
      105.06        87.15
      110.07        87.15
      115.07        87.64
      120.07        87.25
      125.08        87.13
      130.08        87.11
      134.96        86.99
      139.97        87.01
      144.97        86.90
      149.97        86.85
      154.97        86.76
      159.98        86.84
      164.98        86.61
      169.98        86.71
      174.99        86.67
      179.99        86.55
      184.99        86.39
      190.00        86.35
      195.00        86.29
      200.00        86.28
      205.00        86.25
      210.01        86.49
      215.01        86.10
      220.01        88.96
      225.02        87.12
      230.02        86.03
      235.02        85.97
      240.03        85.91
      245.03        85.92
      247.99        85.88
      253.00        85.83
      258.00        85.80
      263.00        85.79
      268.00        85.74
      273.01        85.79
      278.01        86.96
      283.01        87.01
      288.02        86.06
      293.02        86.16
      298.02        86.17
      303.03        86.15
      308.03        86.14
      313.03        86.06
      318.04        86.09
      323.04        86.00
      328.04        86.01
      333.04        85.93
      338.05        85.90
      343.05        85.83
      348.05        85.84
      353.06        85.73
      358.06        85.62
      363.06        85.60
      368.07        85.46
      373.07        85.17
      378.07        85.49
      383.08        84.96
      388.08        84.98
      393.08        85.22
      398.08        85.25
      403.09        85.26
      408.09        85.27
      413.09        85.26
      418.10        85.36
      423.10        85.31
      428.10        85.29
      433.11        85.26
      438.11        85.21
      441.76        85.19
      446.76        85.22
      451.76        85.17
      456.76        85.18
      461.77        85.14
      466.77        85.07
      471.77        85.05
      476.78        85.08
      481.78        85.01
      486.78        84.95
      491.79        84.96
      496.79        84.93
      501.79        84.90
      506.80        84.88
      511.80        84.86
      516.80        84.84
      521.80        84.81
      526.81        84.77
      531.81        84.75
      536.81        84.75
      541.82        84.70
      546.82        84.67
      551.82        84.64
      556.83        84.63
      561.83        84.58
      566.83        84.56
      571.84        84.56
      576.84        84.53
      581.84        84.51
      586.84        84.48
      591.85        84.46
      596.85        84.41
      601.85        84.44
      606.86        84.38
      611.86        84.34
      616.86        84.33
      621.87        84.29
      626.87        84.24
      631.87        84.26
      636.87        84.20
      641.88        84.16
      646.88        84.16
      651.88        84.10
      656.89        84.10
      661.89        84.06
      666.89        84.04
      671.90        83.98
      676.90        83.93
      681.90        83.94
      686.91        83.90
      691.91        83.87
      696.91        83.83
      701.91        83.77
      706.92        83.76
      711.92        83.74
      716.92        83.72
      721.93        83.70
      726.93        83.70
      731.93        83.64
      736.94        83.60
      741.94        83.60
      743.86        83.58
      748.86        83.57
      753.86        83.59
      758.86        83.52
      763.87        83.50
      768.87        83.46
      773.87        83.47
      778.88        83.46
      783.88        83.46
      788.88        83.38
      793.89        83.37
      798.89        83.32
      803.89        83.32
      808.90        83.34
      813.90        83.29
      818.90        83.26
      823.90        83.24
      828.91        83.21
      833.91        83.20
      838.91        83.19
      843.92        83.17
      848.92        83.17
      853.92        83.17
      858.93        83.13
      863.93        83.11
      868.93        83.09
      873.93        83.13
      878.94        83.06
      883.94        83.02
      888.94        83.05
      893.95        83.02
      898.95        82.93
      903.95        82.88
      908.96        82.85
      913.96        82.82
      918.96        82.74
      923.97        82.69
      928.97        82.57
      933.97        82.46
      938.97        82.50
      943.98        82.57
      948.98        82.57
      953.98        82.61
      958.99        82.61
      963.99        82.60
      968.99        82.64
      974.00        82.65
      979.00        82.68
      984.00        82.66
      989.01        82.69
      994.01        82.67
      999.01        82.70
     1004.01        82.72
     1009.02        82.74
     1014.02        82.75
     1019.02        82.78
     1024.03        82.82
     1029.03        82.79
     1034.03        82.84
     1039.04        82.83
     1044.04        82.85
     1049.04        82.83
     1054.04        82.83
     1059.05        82.81
     1064.05        82.79
     1069.05        82.75
     1074.06        82.81
     1079.06        82.79
     1084.06        82.75
     1089.07        82.72
     1094.07        82.68
     1099.07        82.69
     1104.08        82.69
     1109.08        82.69
     1114.08        82.64
     1119.08        82.63
     1124.09        82.62
     1129.09        82.61
     1134.09        82.60
     1139.10        82.59
     1144.10        82.59
     1149.10        82.58
     1152.20        82.54
     1157.21        82.54
     1162.21        82.54
     1167.21        82.55
     1172.22        82.53
     1177.22        82.51
     1182.22        82.51
     1187.22        82.48
     1192.23        82.51
     1197.23        82.49
     1202.23        82.48
     1207.24        82.47
     1212.24        82.48
     1217.24        82.48
     1222.25        82.44
     1227.25        82.46
     1232.25        82.46
     1237.25        82.46
     1242.26        82.44
     1247.26        82.44
     1252.26        82.42
     1257.27        82.42
     1262.27        82.43
     1267.27        82.43
     1272.28        82.42
     1277.28        82.40
     1282.28        82.40
     1287.29        82.38
     1292.29        82.36
     1297.29        82.36
     1302.29        82.36
     1307.30        82.39
     1312.30        82.38
     1317.30        82.36
     1322.31        82.33
     1327.31        82.31
     1332.31        82.33
     1337.32        82.35
     1342.32        82.33
     1347.32        82.32
     1352.33        82.30
     1357.33        82.28
     1362.33        82.27
     1367.33        82.26
     1372.34        82.26
     1377.34        82.29
     1382.34        82.29
     1387.35        82.28
     1392.35        82.23
     1397.35        82.23
     1402.36        82.21
     1407.36        82.24
     1412.36        82.28
     1417.36        82.23
     1422.37        82.20
     1427.37        82.21
     1432.37        82.19
     1437.38        82.22
     1442.38        82.19
     1447.38        82.19
     1452.39        82.20
     1457.39        82.20
     1462.39        82.16
     1467.40        82.15
     1472.40        82.15
     1477.40        82.12
     1482.40        82.17
     1487.41        82.13
     1492.41        82.12
     1497.41        82.09
     1502.42        82.09
     1507.42        82.10
     1512.42        82.09
     1517.43        82.10
     1522.43        82.07
     1527.43        82.08
     1532.43        82.03
     1537.44        82.06
     1542.44        82.05
     1547.44        82.04
     1552.45        82.02
     1557.45        82.01
     1562.45        81.96
     1567.46        82.01
     1572.46        81.98
     1577.46        81.94
     1582.47        81.93
     1587.47        81.95
     1592.47        81.98
     1597.47        81.95
     1602.48        81.95
     1607.48        81.96
     1612.48        81.90
     1617.49        81.95
     1622.49        81.97
     1627.49        81.96
     1632.50        81.92
     1637.50        81.91
     1642.50        81.88
     1647.50        81.92
     1652.51        81.91
     1657.51        81.92
     1662.51        81.91
     1667.52        81.91
     1672.52        81.90
     1677.52        81.90
     1678.70        81.88
     1683.70        81.88
     1688.71        81.92
     1693.71        81.93
     1698.71        81.93
     1703.72        81.90
     1708.72        81.89
     1713.72        81.90
     1718.73        81.94
     1723.73        81.92
     1728.73        81.94
     1733.73        81.94
     1738.74        81.95
     1743.74        81.96
     1748.74        81.97
     1753.75        81.93
     1758.75        81.98
     1763.75        81.98
     1768.76        81.97
     1773.76        81.97
     1778.76        81.96
     1783.77        81.92
     1788.77        81.98
     1793.77        81.98
     1798.77        81.97
     1803.78        81.95
     1808.78        81.95
     1813.78        81.91
     1818.79        81.95
     1823.79        81.96
     1828.79        81.97
     1833.80        81.93
     1838.80        81.93
     1843.80        81.91
     1848.80        81.89
     1853.81        81.92
     1858.81        81.93
     1863.81        81.94
     1868.82        81.90
     1873.82        81.89
     1878.82        81.90
     1883.83        81.86
     1888.83        81.90
     1893.83        81.88
     1898.84        81.89
     1903.84        81.88
     1908.84        81.85
     1913.84        81.85
     1918.85        81.85
     1923.85        81.85
     1928.85        81.85
     1933.86        81.86
     1938.86        81.83
     1943.86        81.79
     1948.87        81.79
     1953.87        81.82
     1958.87        81.82
     1963.87        81.81
     1968.88        81.77
     1973.88        81.75
     1978.88        81.76
     1983.89        81.79
     1988.89        81.76
     1993.89        81.74
     1998.90        81.75
     2003.90        81.75
     2008.90        81.70
     2013.90        81.72
     2018.91        81.72
     2023.91        81.72
     2028.91        81.70
     2033.92        81.74
     2038.92        81.70
     2043.92        81.68
     2044.81        81.68
     2049.82        81.69
     2054.82        81.69
     2059.82        81.66
     2064.82        81.66
     2069.83        81.67
     2074.83        81.69
     2079.83        81.65
     2084.84        81.66
     2089.84        81.61
     2094.84        81.62
     2099.85        81.62
     2104.85        81.62
     2109.85        81.63
     2114.86        81.60
     2119.86        81.62
     2124.86        81.61
     2129.86        81.57
     2134.87        81.58
     2139.87        81.57
     2144.87        81.58
     2149.88        81.61
     2154.88        81.59
     2159.88        81.56
     2164.89        81.54
     2169.89        81.54
     2174.89        81.53
     2179.89        81.55
     2184.90        81.57
     2189.90        81.54
     2194.90        81.50
     2199.91        81.48
     2204.91        81.49
     2209.91        81.48
     2214.92        81.53
     2219.92        81.51
     2224.92        81.49
     2229.93        81.47
     2234.93        81.48
     2239.93        81.45
     2244.93        81.48
     2249.94        81.49
     2254.94        81.49
     2259.94        81.44
     2264.95        81.44
     2269.95        81.43
     2274.95        81.45
     2279.96        81.43
     2284.96        81.45
     2289.96        81.46
     2294.96        81.45
     2299.97        81.45
     2304.97        81.44
     2309.97        81.41
     2314.98        81.45
     2319.98        81.43
     2324.98        81.42
     2329.99        81.38
     2334.99        81.40
     2339.99        81.41
     2344.99        81.41
     2350.00        81.44
     2355.00        81.40
     2356.30        81.40
     2361.30        81.41
     2366.31        81.39
     2371.31        81.38
     2376.31        81.38
     2381.32        81.38
     2386.32        81.40
     2391.32        81.38
     2396.33        81.38
     2401.33        81.35
     2406.33        81.33
     2411.34        81.35
     2416.34        81.31
     2421.34        81.33
     2426.34        81.33
     2431.35        81.31
     2436.35        81.29
     2441.35        81.27
     2446.36        81.27
     2451.36        81.27
     2456.36        81.28
     2461.37        81.20
     2466.37        81.20
     2471.37        81.21
     2476.37        81.21
     2481.38        81.21
     2486.38        81.18
     2491.38        81.17
     2496.39        81.15
     2501.39        81.14
     2506.39        81.16
     2511.40        81.12
     2516.40        81.16
     2521.40        81.14
     2526.40        81.08
     2531.41        81.07
     2536.41        81.06
     2541.41        81.13
     2546.42        81.10
     2551.42        81.09
     2556.42        81.05
     2561.43        81.05
     2566.43        81.05
     2571.43        81.07
     2576.44        81.03
     2581.44        81.04
     2586.44        81.01
     2591.44        81.02
     2596.45        81.04
     2601.45        80.99
     2606.45        80.95
     2611.46        80.99
     2616.46        81.00
     2621.46        81.00
     2626.47        80.99
     2631.47        80.94
     2636.47        80.94
     2641.47        80.94
     2646.48        80.94
     2651.48        80.93
     2656.48        80.91
     2661.49        80.90
     2666.49        80.92
     2671.49        80.89
     2676.50        80.87
     2681.50        80.88
     2686.50        80.85
     2691.51        80.81
     2696.51        80.80
     2701.51        80.81
     2706.51        80.78
     2711.52        80.77
     2716.52        80.73
     2721.52        80.71
     2726.53        80.70
     2731.53        80.67
     2736.53        80.67
     2741.54        80.62
     2746.54        80.59
     2751.54        80.57
     2756.54        80.53
     2761.55        80.50
     2766.55        80.50
     2771.55        80.49
     2776.56        80.44
     2781.56        80.43
     2786.56        80.39
     2791.57        80.37
     2796.57        80.35
     2801.57        80.34
     2806.57        80.29
     2811.58        80.28
     2816.58        80.27
     2821.58        80.21
     2826.59        80.21
     2831.59        80.18
     2836.59        80.15
     2841.60        80.11
     2846.60        80.10
     2851.60        80.07
     2856.60        80.01
     2861.61        79.97
     2866.61        79.94
     2871.61        79.93
     2876.62        79.88
     2881.62        79.81
     2886.62        79.76
     2891.63        79.70
     2896.63        79.69
     2901.63        79.66
     2906.64        79.61
     2911.64        79.54
     2916.64        79.47
     2921.64        79.45
     2926.65        79.39
     2931.65        79.11
     2936.65        79.20
     2941.66        79.28
     2946.66        79.29
     2951.66        79.04
     2956.67        79.24
     2961.67        79.03
     2966.67        79.06
     2971.67        79.13
     2976.68        79.14
     2981.68        78.98
     2986.68        78.95
     2991.69        78.32
     2996.69        78.58
     3001.69        78.79
     3006.70        78.71
     3011.70        78.39
     3016.70        78.43
     3021.70        78.55
     3026.71        79.07
     3031.71        79.02
     3036.71        79.45
     3041.72        80.33
     3046.72        80.65
     3051.72        80.57
     3056.73        80.47
     3061.73        81.25
     3066.73        81.76
     3071.74        81.48
     3076.74        81.20
     3081.74        80.83
     3086.74        80.38
     3091.75        80.18
     3096.75        80.26
     3101.75        80.60
     3106.76        81.00
     3111.76        80.86
     3116.76        80.36
     3121.77        80.24
     3126.77        80.11
     3131.77        79.79
     3136.77        79.44
     3141.78        79.54
     3146.78        79.45
     3151.78        79.47
     3156.79        79.00
     3161.79        79.19
     3166.79        79.21
     3171.80        79.03
     3176.80        79.13
     3181.80        78.90
     3186.80        79.24
     3191.81        79.33
     3196.81        79.38
     3201.81        79.42
     3206.82        79.43
     3211.82        79.51
     3216.82        79.48
     3221.83        79.51
     3226.83        79.49
     3231.83        79.51
     3236.83        79.54
     3241.84        79.59
     3246.84        79.58
     3251.84        79.59
     3256.85        79.63
     3261.85        79.65
     3266.85        79.69
     3271.86        79.73
     3276.86        79.69
     3281.86        79.69
     3286.87        79.71
     3291.87        79.73
     3296.87        79.78
     3301.87        79.74
     3306.88        79.74
     3311.88        79.77
     3316.88        79.78
     3321.89        79.78
     3326.89        79.79
     3331.89        79.80
     3336.90        79.77
     3341.90        79.81
     3346.90        79.79
     3351.90        79.83
     3356.91        79.80
     3361.91        79.81
     3366.91        79.78
     3371.92        79.80
     3376.92        79.87
     3381.92        79.79
     3386.93        79.83
     3391.93        79.79
     3396.93        79.83
     3401.93        79.83
     3406.94        79.82
     3411.94        79.83
     3416.94        79.83
     3421.95        79.84
     3421.98        79.84
     3426.99        79.84
     3431.99        79.83
     3436.99        79.80
     3442.00        79.81
     3447.00        79.81
     3452.00        79.85
     3457.01        79.86
     3462.01        79.82
     3467.01        79.85
     3472.01        79.81
     3477.02        79.81
     3482.02        79.86
     3487.02        79.83
     3492.03        79.85
     3497.03        79.83
     3502.03        79.83
     3507.04        79.83
     3512.04        79.79
     3517.04        79.85
     3522.04        79.83
     3527.05        79.83
     3532.05        79.79
     3537.05        79.82
     3542.06        79.81
     3547.06        79.82
     3552.06        79.86
     3557.07        79.80
     3562.07        79.81
     3567.07        79.82
     3572.07        79.80
     3577.08        79.78
     3582.08        79.78
     3587.08        79.80
     3592.09        79.77
     3597.09        79.79
     3602.09        79.78
     3607.10        79.78
     3612.10        79.78
     3617.10        79.75
     3622.10        79.75
     3627.11        79.78
     3632.11        79.73
     3637.11        79.75
     3642.12        79.74
     3647.12        79.77
     3652.12        79.75
     3657.13        79.74
     3662.13        79.73
     3667.13        79.74
     3672.13        79.74
     3677.14        79.72
     3682.14        79.72
     3687.14        79.72
     3692.15        79.72
     3697.15        79.73
     3702.15        79.70
     3707.16        79.72
     3712.16        79.72
     3717.16        79.71
     3722.17        79.71
     3727.17        79.71
     3732.17        79.72
     3737.17        79.74
     3742.18        79.68
     3747.18        79.68
     3752.18        79.69
     3757.19        79.69
     3762.19        79.73
     3767.19        79.68
     3772.20        79.68
     3777.20        79.67
     3782.20        79.67
     3787.20        79.71
     3792.21        79.69
     3797.21        79.70
     3802.21        79.67
     3807.22        79.67
     3812.22        79.67
     3817.22        79.63
     3822.23        79.71
     3827.23        79.67
     3832.23        79.65
     3837.23        79.66
     3842.24        79.65
     3847.24        79.66
     3852.24        79.67
     3857.25        79.66
     3862.25        79.68
     3867.25        79.65
     3872.26        79.63
     3877.26        79.67
     3882.26        79.65
     3887.26        79.71
     3892.27        79.67
     3897.27        79.67
     3902.27        79.65
     3907.28        79.64
     3912.28        79.64
     3917.28        79.66
     3922.29        79.72
     3927.29        79.69
     3932.29        79.67
     3937.29        79.65
     3942.30        79.63
     3947.30        79.67
     3952.30        79.67
     3957.31        79.68
     3962.31        79.68
     3967.31        79.68
     3972.32        79.66
     3977.32        79.64
     3982.32        79.66
     3987.32        79.67
     3992.33        79.67
     3997.33        79.69
     4002.33        79.68
     4007.34        79.67
     4012.34        79.65
     4017.34        79.64
     4022.35        79.68
     4027.35        79.66
     4032.35        79.67
     4037.35        79.69
     4042.36        79.68
     4047.36        79.66
     4052.36        79.68
     4057.37        79.67
     4062.37        79.67
     4067.37        79.68
     4072.38        79.67
     4077.38        79.68
     4082.38        79.67
     4087.39        79.65
     4092.39        79.66
     4097.39        79.69
     4102.39        79.69
     4107.40        79.69
     4112.40        79.67
     4117.40        79.65
     4122.41        79.67
     4127.41        79.67
     4132.41        79.67
     4137.42        79.69
     4142.42        79.68
     4147.42        79.69
     4152.42        79.67
     4157.43        79.67
     4162.43        79.66
     4167.43        79.65
     4172.44        79.68
     4177.44        79.69
     4182.44        79.67
     4187.45        79.66
     4192.45        79.67
     4197.45        79.67
     4202.45        79.67
     4207.46        79.68
     4212.46        79.68
     4217.46        79.64
     4222.47        79.65
     4227.47        79.70
     4232.47        79.68
     4237.48        79.67
     4242.48        79.64
     4247.48        79.64
     4252.48        79.70
     4257.49        79.68
     4262.49        79.68
     4267.49        79.66
     4272.50        79.65
     4277.50        79.64
     4282.50        79.67
     4287.51        79.69
     4292.51        79.70
     4297.51        79.67
     4302.51        79.64
     4307.52        79.66
     4312.52        79.65
     4317.52        79.69
     4322.53        79.72
     4327.53        79.68
     4332.53        79.66
     4337.54        79.66
     4342.54        79.64
     4347.54        79.66
     4352.54        79.77
     4357.55        79.68
     4362.55        79.67
     4367.55        79.68
     4372.56        79.67
     4377.56        79.65
     4382.56        79.67
     4387.57        79.71
     4392.57        79.71
     4397.57        79.67
     4402.57        79.68
     4407.58        79.68
     4412.58        79.69
     4417.58        79.67
     4422.59        79.73
     4427.59        79.69
     4432.59        79.70
     4437.60        79.69
     4442.60        79.69
     4447.60        79.69
     4452.60        79.70
     4457.61        79.70
     4462.61        79.71
     4467.61        79.73
     4472.62        79.69
     4477.62        79.69
     4482.62        79.71
     4487.63        79.71
     4492.63        79.69
     4497.63        79.70
     4502.63        79.72
     4507.64        79.71
     4512.64        79.69
     4517.64        79.70
     4522.65        79.70
     4527.65        79.71
     4532.65        79.71
     4537.66        79.74
     4542.66        79.70
     4547.66        79.72
     4552.66        79.70
     4557.67        79.71
     4562.67        79.70
     4567.67        79.72
     4572.68        79.71
     4577.68        79.78
     4582.68        79.71
     4587.69        79.75
     4592.69        79.69
     4597.69        79.74
     4602.69        79.71
     4607.70        79.72
     4612.70        79.71
     4617.70        79.73
     4622.71        79.73
     4627.71        79.71
     4632.71        79.73
     4637.72        79.71
     4642.72        79.72
     4647.72        79.71
     4652.72        79.70
     4657.73        79.70
     4662.73        79.74
     4667.73        79.72
     4672.74        79.70
     4677.74        79.72
     4682.74        79.71
     4687.75        79.70
     4692.75        79.72
     4697.75        79.72
     4702.75        79.72
     4707.76        79.71
     4712.76        79.71
     4717.76        79.72
     4722.77        79.70
     4727.77        79.72
     4732.77        79.70
     4737.78        79.73
     4742.78        79.72
     4747.78        79.72
     4752.78        79.69
     4757.79        79.67
     4762.79        79.71
     4767.79        79.71
     4772.80        79.79
     4777.80        79.71
     4782.80        79.70
     4787.81        79.71
     4792.81        79.74
     4797.81        79.72
     4802.81        79.74
     4807.82        79.74
     4812.82        79.72
     4817.82        79.70
     4822.83        79.74
     4827.83        79.71
     4832.83        79.74
     4837.84        79.74
     4842.84        79.75
     4847.84        79.72
     4852.84        79.75
     4857.85        79.72
     4861.32        79.75
     4866.32        79.74
     4871.32        79.77
     4876.33        79.75
     4881.33        79.73
     4886.33        79.72
     4891.34        79.72
     4896.34        79.73
     4901.34        79.77
     4906.35        79.75
     4911.35        79.74
     4916.35        79.73
     4921.35        79.75
     4926.36        79.73
     4931.36        79.73
     4936.36        79.74
     4941.37        79.73
     4946.37        79.71
     4951.37        79.73
     4956.38        79.72
     4961.38        79.73
     4966.38        79.73
     4971.38        79.73
     4976.39        79.72
     4981.39        79.73
     4986.39        79.71
     4991.40        79.74
     4996.40        79.71
     5001.40        79.72
     5006.41        79.69
     5011.41        79.71
     5016.41        79.70
     5021.41        79.73
     5026.42        79.71
     5031.42        79.73
     5036.42        79.69
     5041.43        79.72
     5046.43        79.68
     5051.43        79.71
     5056.44        79.72
     5061.44        79.71
     5066.44        79.72
     5071.44        79.71
     5076.45        79.70
     5081.45        79.70
     5086.45        79.70
     5091.46        79.70
     5096.46        79.72
     5101.46        79.72
     5106.47        79.71
     5111.47        79.69
     5116.47        79.70
     5121.47        79.70
     5126.48        79.72
     5131.48        79.71
     5136.48        79.70
     5141.49        79.68
     5146.49        79.68
     5151.49        79.67
     5156.50        79.71
     5161.50        79.72
     5166.50        79.65
     5171.50        79.65
     5176.51        79.67
     5181.51        79.69
     5186.51        79.67
     5191.52        79.66
     5196.52        79.66
     5201.52        79.69
     5206.53        79.67
     5211.53        79.68
     5216.53        79.67
     5221.53        79.67
     5226.54        79.66
     5231.54        79.69
     5236.54        79.66
     5241.55        79.64
     5246.55        79.66
     5251.55        79.67
     5256.56        79.67
     5261.56        79.66
     5266.56        79.65
     5271.56        79.64
     5276.57        79.68
     5281.57        79.67
     5286.57        79.66
     5291.58        79.65
     5296.58        79.63
     5301.58        79.65
     5306.59        79.62
     5311.59        79.65
     5316.59        79.64
     5321.59        79.61
     5326.60        79.66
     5331.60        79.64
     5336.60        79.61
     5341.61        79.61
     5346.61        79.63
     5351.61        79.60
     5356.62        79.57
     5361.62        79.55
     5366.62        79.61
     5371.62        79.60
     5376.63        79.57
     5381.63        79.57
     5386.63        79.57
     5391.64        79.56
     5396.64        79.54
     5401.64        79.52
     5406.65        79.58
     5411.65        79.57
     5416.65        79.54
     5421.65        79.53
     5426.66        79.49
     5431.66        79.50
     5436.66        79.53
     5441.67        79.54
     5446.67        79.50
     5451.67        79.50
     5456.68        79.50
     5461.68        79.49
     5466.68        79.50
     5471.68        79.48
     5476.69        79.48
     5481.69        79.49
     5486.69        79.46
     5491.70        79.49
     5496.70        79.46
     5501.70        79.45
     5506.71        79.45
     5511.71        79.41
     5516.71        79.44
     5521.71        79.43
     5526.72        79.41
     5531.72        79.42
     5536.72        79.42
     5541.73        79.42
     5546.73        79.40
     5551.73        79.40
     5556.74        79.40
     5561.74        79.41
     5566.74        79.37
     5571.74        79.36
     5576.75        79.38
     5581.75        79.38
     5586.75        79.36
     5591.76        79.36
     5596.76        79.35
     5601.76        79.36
     5606.76        79.33
     5611.77        79.35
     5616.77        79.33
     5621.77        79.33
     5626.78        79.32
     5631.78        79.32
     5636.78        79.30
     5641.79        79.31
     5646.79        79.29
     5651.79        79.28
     5656.79        79.31
     5661.80        79.29
     5666.80        79.28
     5671.80        79.29
     5676.81        79.24
     5681.81        79.22
     5686.81        79.24
     5691.82        79.28
     5696.82        79.25
     5701.82        79.24
     5706.82        79.23
     5711.83        79.21
     5716.83        79.21
     5721.83        79.18
     5726.84        79.24
     5731.84        79.22
     5736.84        79.19
     5741.85        79.15
     5746.85        79.17
     5751.85        79.16
     5756.85        79.18
     5761.86        79.15
     5766.86        79.15
     5771.86        79.14
     5776.87        79.15
     5781.87        79.14
     5786.87        79.11
     5791.88        79.09
     5796.88        79.11
     5801.88        79.09
     5806.88        79.13
     5811.89        79.13
     5816.89        79.11
     5821.89        79.08
     5826.90        79.07
     5831.90        79.05
     5836.90        79.04
     5841.91        79.06
     5846.91        79.05
     5851.91        79.04
     5856.91        79.03
     5861.92        79.01
     5866.92        78.98
     5871.92        79.00
     5876.93        78.97
     5881.93        78.99
     5886.93        78.96
     5891.94        78.96
     5896.94        78.94
     5901.94        78.93
     5906.94        78.92
     5911.95        78.93
     5916.95        78.92
     5921.95        78.92
     5926.96        78.91
     5931.96        78.90
     5936.96        78.88
     5941.97        78.87
     5946.97        78.87
     5951.97        78.88
     5956.97        78.87
     5961.98        78.87
     5966.98        78.82
     5971.98        78.83
     5976.99        78.84
     5981.99        78.84
     5986.99        78.83
     5991.99        78.82
     5997.00        78.78
     6002.00        78.79
     6007.00        78.77
     6012.01        78.77
     6017.01        78.79
     6022.01        78.76
     6027.02        78.76
     6032.02        78.72
     6037.02        78.74
     6042.02        78.71
     6047.03        78.71
     6052.03        78.73
     6057.03        78.71
     6062.04        78.67
     6067.04        78.66
     6072.04        78.68
     6077.05        78.69
     6082.05        78.66
     6087.05        78.67
     6092.05        78.64
     6097.06        78.63
     6102.06        78.63
     6107.06        78.63
     6112.07        78.62
     6117.07        78.60
     6122.07        78.60
     6127.08        78.58
     6132.08        78.58
     6137.08        78.57
     6142.08        78.56
     6147.09        78.53
     6152.09        78.52
     6157.09        78.53
     6162.10        78.51
     6167.10        78.52
     6172.10        78.47
     6177.11        78.45
     6182.11        78.45
     6187.11        78.46
     6192.11        78.48
     6197.12        78.42
     6202.12        78.45
     6207.12        78.42
     6212.13        78.41
     6217.13        78.41
     6222.13        78.39
     6227.14        78.40
     6232.14        78.39
     6237.14        78.41
     6242.14        78.38
     6247.15        78.38
     6252.15        78.36
     6257.15        78.36
     6262.16        78.33
     6267.16        78.36
     6272.16        78.33
     6277.16        78.32
     6282.17        78.30
     6287.17        78.27
     6292.17        78.29
     6297.18        78.28
     6302.18        78.28
     6307.18        78.26
     6312.19        78.24
     6317.19        78.23
     6322.19        78.20
     6327.19        78.24
     6332.20        78.20
     6337.20        78.18
     6342.20        78.17
     6347.21        78.19
     6352.21        78.19
     6357.21        78.16
     6362.22        78.15
     6367.22        78.13
     6372.22        78.12
     6377.22        78.14
     6382.23        78.12
     6387.23        78.11
     6392.23        78.09
     6397.24        78.09
     6402.24        78.06
     6407.24        78.05
     6412.25        78.07
     6417.25        78.06
     6422.25        78.06
     6427.25        78.02
     6432.26        78.00
     6437.26        77.98
     6442.26        77.95
     6447.27        77.97
     6452.27        78.00
     6457.27        77.99
     6462.28        77.95
     6467.28        77.90
     6472.28        77.91
     6477.28        77.92
     6482.29        77.90
     6487.29        77.89
     6492.29        77.88
     6497.30        77.85
     6502.30        77.82
     6503.81        77.83
     6508.82        77.86
     6513.82        77.83
     6518.82        77.82
     6523.83        77.80
     6528.83        77.80
     6533.83        77.78
     6538.84        77.78
     6543.84        77.79
     6548.84        77.77
     6553.84        77.74
     6558.85        77.74
     6563.85        77.73
     6568.85        77.71
     6573.86        77.68
     6578.86        77.70
     6583.86        77.68
     6588.87        77.67
     6593.87        77.65
     6598.87        77.64
     6603.87        77.64
     6608.88        77.63
     6613.88        77.61
     6618.88        77.59
     6623.89        77.58
     6628.89        77.59
     6633.89        77.59
     6638.90        77.54
     6643.90        77.55
     6648.90        77.53
     6653.90        77.53
     6658.91        77.47
     6663.91        77.51
     6668.91        77.50
     6673.92        77.48
     6678.92        77.49
     6683.92        77.45
     6688.92        77.47
     6693.93        77.43
     6698.93        77.43
     6703.93        77.43
     6708.94        77.42
     6713.94        77.39
     6718.94        77.41
     6723.95        77.37
     6728.95        77.38
     6733.95        77.36
     6738.95        77.33
     6743.96        77.33
     6748.96        77.35
     6753.96        77.32
     6758.97        77.34
     6763.97        77.28
     6768.97        77.30
     6773.98        77.25
     6778.98        77.26
     6783.98        77.29
     6788.98        77.26
     6793.99        77.23
     6798.99        77.22
     6803.99        77.20
     6809.00        77.22
     6814.00        77.17
     6819.00        77.20
     6824.01        77.17
     6829.01        77.16
     6834.01        77.14
     6839.01        77.12
     6844.02        77.12
     6849.02        77.11
     6854.02        77.11
     6859.03        77.07
     6864.03        77.05
     6869.03        77.07
     6874.04        77.03
     6879.04        77.02
     6884.04        77.01
     6889.04        77.01
     6894.05        77.00
     6899.05        76.97
     6904.05        76.96
     6909.06        76.95
     6914.06        76.93
     6919.06        76.92
     6924.06        76.90
     6929.07        76.90
     6934.07        76.87
     6939.07        76.87
     6944.08        76.85
     6949.08        76.84
     6954.08        76.82
     6959.09        76.83
     6964.09        76.80
     6969.09        76.76
     6974.09        76.75
     6979.10        76.76
     6984.10        76.70
     6989.10        76.73
     6994.11        76.69
     6999.11        76.75
     7004.11        76.66
     7009.12        76.65
     7014.12        76.62
     7019.12        76.58
     7024.12        76.61
     7029.13        76.63
     7034.13        76.58
     7039.13        76.57
     7044.14        76.54
     7049.14        76.52
     7054.14        76.54
     7059.14        76.51
     7064.15        76.50
     7069.15        76.45
     7074.15        76.45
     7079.16        76.44
     7084.16        76.42
     7089.16        76.42
     7094.17        76.41
     7099.17        76.39
     7104.17        76.37
     7109.17        76.36
     7114.18        76.32
     7119.18        76.31
     7124.18        76.30
     7129.19        76.29
     7134.19        76.28
     7139.19        76.25
     7144.20        76.23
     7149.20        76.23
     7154.20        76.22
     7159.20        76.20
     7164.21        76.19
     7169.21        76.18
     7174.21        76.15
     7179.22        76.12
     7184.22        76.13
     7189.22        76.12
     7194.23        76.10
     7199.23        76.08
     7204.23        76.08
     7209.23        76.05
     7214.24        76.04
     7219.24        76.03
     7224.24        76.01
     7229.25        75.98
     7234.25        75.97
     7239.25        75.97
     7244.25        75.95
     7249.26        75.93
     7254.26        75.90
     7259.26        75.88
     7264.27        75.89
     7269.27        75.86
     7274.27        75.87
     7279.28        75.84
     7284.28        75.81
     7289.28        75.79
     7294.28        75.80
     7299.29        75.77
     7304.29        75.75
     7309.29        75.74
     7314.30        75.72
     7319.30        75.70
     7324.30        75.67
     7329.31        75.65
     7334.31        75.67
     7339.31        75.62
     7344.31        75.63
     7349.32        75.60
     7354.32        75.59
     7359.32        75.55
     7364.33        75.54
     7369.33        75.54
     7374.33        75.53
     7379.33        75.50
     7384.34        75.47
     7389.34        75.46
     7394.34        75.42
     7399.35        75.42
     7404.35        75.43
     7409.35        75.38
     7414.36        75.37
     7419.36        75.35
     7424.36        75.37
     7429.36        75.30
     7434.37        75.27
     7439.37        75.25
     7444.37        75.24
     7449.38        75.26
     7454.38        75.22
     7459.38        75.21
     7464.39        75.18
     7469.39        75.15
     7474.39        75.12
     7479.39        75.12
     7484.40        75.12
     7489.40        75.10
     7494.40        75.09
     7499.41        75.05
     7504.41        75.04
     7509.41        75.00
     7514.41        75.01
     7519.42        74.98
     7524.42        74.97
     7529.42        74.96
     7534.43        74.92
     7539.43        74.88
     7544.43        74.90
     7547.12        74.88
     7552.12        74.88
     7557.12        74.84
     7562.13        74.80
     7567.13        74.81
     7572.13        74.78
     7577.14        74.76
     7582.14        74.72
     7587.14        74.71
     7592.14        74.69
     7597.15        74.68
     7602.15        74.65
     7607.15        74.64
     7612.16        74.60
     7617.16        74.58
     7622.16        74.60
     7627.17        74.53
     7632.17        74.53
     7637.17        74.53
     7642.17        74.49
     7647.18        74.45
     7652.18        74.43
     7657.18        74.41
     7662.19        74.40
     7667.19        74.39
     7672.19        74.36
     7677.19        74.35
     7682.20        74.32
     7687.20        74.29
     7692.20        74.29
     7697.21        74.25
     7702.21        74.23
     7707.21        74.20
     7712.22        74.19
     7717.22        74.17
     7722.22        74.15
     7727.22        74.14
     7732.23        74.10
     7737.23        74.08
     7742.23        74.07
     7747.24        74.03
     7752.24        74.01
     7757.24        74.00
     7762.25        73.98
     7767.25        73.94
     7772.25        73.93
     7777.25        73.90
     7782.26        73.87
     7787.26        73.83
     7792.26        73.83
     7797.27        73.82
     7802.27        73.79
     7807.27        73.76
     7812.27        73.73
     7817.28        73.72
     7822.28        73.68
     7827.28        73.66
     7832.29        73.64
     7837.29        73.63
     7842.29        73.61
     7847.30        73.55
     7852.30        73.55
     7857.30        73.51
     7862.30        73.47
     7867.31        73.47
     7872.31        73.42
     7877.31        73.43
     7882.32        73.40
     7887.32        73.37
     7892.32        73.34
     7897.32        73.29
     7902.33        73.26
     7907.33        73.24
     7912.33        73.24
     7917.34        73.19
     7922.34        73.18
     7927.34        73.13
     7932.35        73.12
     7937.35        73.06
     7942.35        73.05
     7947.35        73.03
     7952.36        73.00
     7957.36        72.97
     7962.36        72.96
     7967.37        72.90
     7972.37        72.88
     7977.37        72.86
     7982.38        72.82
     7987.38        72.81
     7992.38        72.79
     7997.38        72.75
     8002.39        72.74
     8007.39        72.69
     8012.39        72.66
     8017.40        72.67
     8022.40        72.62
     8027.40        72.58
     8032.40        72.55
     8037.41        72.51
     8042.41        72.49
     8047.41        72.47
     8052.42        72.45
     8057.42        72.43
     8062.42        72.38
     8067.43        72.35
     8072.43        72.32
     8077.43        72.31
     8082.43        72.27
     8087.44        72.24
     8092.44        72.24
     8097.44        72.15
     8102.45        72.15
     8107.45        72.11
     8112.45        72.09
     8117.46        72.08
     8122.46        72.04
     8127.46        72.00
     8132.46        71.96
     8137.47        71.91
     8142.47        71.90
     8147.47        71.84
     8152.48        71.84
     8157.48        71.80
     8162.48        71.77
     8167.48        71.73
     8172.49        71.70
     8177.49        71.67
     8182.49        71.64
     8187.50        71.59
     8192.50        71.57
     8197.50        71.53
     8202.51        71.50
     8207.51        71.44
     8212.51        71.41
     8217.51        71.40
     8222.52        71.36
     8227.52        71.34
     8232.52        71.30
     8237.53        71.25
     8242.53        71.19
     8247.53        71.18
     8252.53        71.14
     8257.54        71.14
     8262.54        71.10
     8267.54        71.04
     8272.55        71.01
     8277.55        70.98
     8282.55        70.97
     8287.56        70.90
     8292.56        70.85
     8297.56        70.84
     8302.56        70.80
     8307.57        70.78
     8312.57        70.74
     8317.57        70.66
     8322.58        70.66
     8327.58        70.63
     8332.58        70.59
     8337.59        70.53
     8342.59        70.51
     8347.59        70.48
     8352.59        70.43
     8357.60        70.40
     8362.60        70.36
     8367.60        70.35
     8372.61        70.27
     8377.61        70.24
     8382.61        70.19
     8387.61        70.15
     8392.62        70.14
     8397.62        70.13
     8402.62        70.05
     8407.63        70.01
     8412.63        69.98
     8417.63        69.95
     8422.64        69.88
     8427.64        69.86
     8432.64        69.83
     8437.64        69.81
     8442.65        69.70
     8447.65        69.75
     8452.65        69.71
     8457.66        69.66
     8462.66        69.61
     8467.66        69.58
     8472.66        69.55
     8477.67        69.51
     8482.67        69.47
     8487.67        69.41
     8492.68        69.39
     8497.68        69.35
     8502.68        69.31
     8507.69        69.25
     8512.69        69.24
     8517.69        69.19
     8522.69        69.13
     8527.70        69.11
     8532.70        69.09
     8537.70        69.01
     8542.71        68.95
     8547.71        68.96
     8552.71        68.90
     8557.71        68.84
     8562.72        68.85
     8567.72        68.77
     8572.72        68.72
     8577.73        68.69
     8582.73        68.62
     8587.73        68.60
     8592.74        68.57
     8597.74        68.51
     8602.74        68.47
     8607.74        68.45
     8612.75        68.40
     8617.75        68.35
     8622.75        68.30
     8627.76        68.28
     8632.76        68.24
     8637.76        68.20
     8642.77        68.13
     8647.77        68.11
     8652.77        68.05
     8657.77        67.99
     8662.78        67.94
     8667.78        67.90
     8672.78        67.88
     8677.79        67.85
     8682.79        67.77
     8687.79        67.71
     8692.79        67.68
     8697.80        67.66
     8702.80        67.61
     8707.80        67.57
     8712.81        67.50
     8717.81        67.46
     8722.81        67.43
     8727.82        67.42
     8732.82        67.35
     8737.82        67.32
     8742.40        67.27
     8747.40        67.22
     8752.40        67.19
     8757.41        67.13
     8762.41        67.14
     8767.41        67.05
     8772.41        67.00
     8777.42        66.98
     8782.42        66.91
     8787.42        66.87
     8792.43        66.82
     8797.43        66.78
     8802.43        66.73
     8807.43        66.73
     8812.44        66.71
     8817.44        66.60
     8822.44        66.57
     8827.45        66.54
     8832.45        66.49
     8837.45        66.41
     8842.46        66.40
     8847.46        66.34
     8852.46        66.30
     8857.46        66.23
     8862.47        66.20
     8867.47        66.18
     8872.47        66.13
     8877.48        66.09
     8882.48        66.07
     8887.48        65.98
     8892.48        65.93
     8897.49        65.90
     8902.49        65.85
     8907.49        65.79
     8912.50        65.76
     8917.50        65.70
     8922.50        65.68
     8927.51        65.59
     8932.51        65.58
     8937.51        65.52
     8942.51        65.46
     8947.52        65.45
     8952.52        65.34
     8957.52        65.30
     8962.53        65.27
     8967.53        65.24
     8972.53        65.17
     8977.53        65.13
     8982.54        65.10
     8987.54        65.08
     8992.54        65.00
     8997.55        64.94
     9002.55        64.91
     9007.55        64.85
     9012.56        64.79
     9017.56        64.76
     9022.56        64.66
     9027.56        64.66
     9032.57        64.63
     9037.57        64.53
     9042.57        64.53
     9047.58        64.43
     9052.58        64.46
     9057.58        64.38
     9062.59        64.37
     9067.59        64.27
     9072.59        64.23
     9077.59        64.24
     9082.60        64.15
     9087.60        64.09
     9092.60        64.06
     9097.61        64.01
     9102.61        63.93
     9107.61        63.89
     9112.61        63.88
     9117.62        63.84
     9122.62        63.85
     9127.62        63.77
     9132.63        63.71
     9137.63        63.67
     9142.63        63.60
     9147.64        63.55
     9152.64        63.52
     9157.64        63.51
     9162.64        63.42
     9167.65        63.40
     9172.65        63.37
     9177.65        63.31
     9182.66        63.26
     9187.66        63.23
     9192.66        63.19
     9197.66        63.11
     9202.67        63.07
     9207.67        63.03
     9212.67        62.97
     9217.68        62.93
     9222.68        62.88
     9227.68        62.84
     9232.69        62.77
     9237.69        62.71
     9242.69        62.72
     9247.69        62.64
     9252.70        62.61
     9257.70        62.56
     9262.70        62.50
     9267.71        62.48
     9272.71        62.38
     9277.71        62.34
     9282.71        62.25
     9287.72        62.21
     9292.72        62.16
     9297.72        62.16
     9302.73        62.10
     9307.73        62.04
     9312.73        62.01
     9317.74        61.95
     9322.74        61.95
     9327.74        61.91
     9332.74        61.83
     9337.75        61.77
     9342.75        61.81
     9347.75        61.75
     9352.76        61.67
     9357.76        61.62
     9362.76        61.56
     9367.76        61.54
     9372.77        61.50
     9377.77        61.39
     9382.77        61.32
     9387.78        61.34
     9392.78        61.33
     9397.78        61.22
     9402.78        61.07
     9407.79        60.97
     9412.79        60.92
     9417.79        60.94
     9422.80        60.92
     9427.80        60.97
     9432.80        60.94
     9437.81        60.91
     9442.81        60.93
     9447.81        60.86
     9452.81        60.78
     9457.82        60.54
     9462.82        60.46
     9467.82        60.44
     9472.83        60.46
     9477.83        60.58
     9482.83        60.61
     9487.83        60.52
     9492.84        60.46
     9497.84        60.45
     9502.84        60.41
     9507.85        60.21
     9512.85        60.17
     9517.85        60.15
     9522.86        60.19
     9527.86        60.21
     9532.86        60.23
     9537.86        60.05
     9542.87        59.86
     9547.87        59.76
     9552.87        59.76
     9557.88        59.81
     9562.88        59.85
     9567.88        59.85
     9572.88        59.84
     9577.89        59.79
     9582.89        59.72
     9587.89        59.64
     9592.90        59.60
     9597.90        59.63
     9602.90        59.54
     9607.91        59.57
     9612.91        59.60
     9617.91        59.47
     9622.91        59.36
     9627.92        59.29
     9632.92        59.30
     9637.92        59.45
     9642.93        59.43
     9647.93        59.37
     9652.93        59.22
     9657.93        58.87
     9662.94        58.80
     9667.94        58.71
     9672.94        59.09
     9677.95        58.97
     9682.95        58.96
     9687.95        58.86
     9692.96        58.84
     9697.96        58.74
     9702.96        58.64
     9707.96        58.64
     9712.97        58.40
     9717.97        58.27
     9722.97        58.19
     9727.98        58.20
     9732.98        58.34
     9737.98        58.30
     9742.98        58.36
     9747.99        58.31
     9752.99        58.24
     9757.99        58.24
     9763.00        58.05
     9768.00        58.28
     9773.00        58.22
     9778.01        58.13
     9783.01        58.06
     9788.01        58.06
     9793.01        57.99
     9798.02        57.84
     9803.02        57.64
     9808.02        57.59
     9810.92        57.60
     9815.92        57.72
     9820.92        57.67
     9825.93        57.59
     9830.93        57.56
     9835.93        57.37
     9840.94        57.28
     9845.94        57.30
     9850.94        57.32
     9855.94        57.36
     9860.95        57.36
     9865.95        57.30
     9870.95        57.27
     9875.96        57.18
     9880.96        57.18
     9885.96        57.12
     9890.96        57.05
     9895.97        56.92
     9900.97        56.72
     9905.97        56.65
     9910.98        56.62
     9915.98        56.71
     9920.98        56.61
     9925.98        56.64
     9930.99        56.68
     9935.99        56.64
     9940.99        56.57
     9946.00        56.51
     9951.00        56.47
     9956.00        56.46
     9961.01        56.46
     9966.01        56.46
     9971.01        56.46
     9976.01        56.45
     9981.02        56.44
     9986.02        56.36
     9991.02        56.40
     9996.03        56.37
    10001.03        56.23
    10006.03        56.13
    10011.03        56.05
    10016.04        56.06
    10021.04        56.02
    10026.04        55.94
    10031.05        55.87
    10036.05        55.58
    10041.05        55.63
    10046.06        55.59
    10051.06        55.38
    10056.06        55.43
    10061.06        55.37
    10066.07        55.23
    10071.07        55.14
    10076.07        55.18
    10081.08        55.18
    10086.08        55.18
    10091.08        55.14
    10096.08        55.07
    10101.09        55.01
    10106.09        55.00
    10111.09        54.96
    10116.10        54.85
    10121.10        54.76
    10126.10        54.83
    10131.10        54.61
    10136.11        54.61
    10141.11        54.65
    10146.11        54.62
    10151.12        54.48
    10156.12        54.47
    10161.12        54.19
    10166.13        54.10
    10171.13        54.17
    10176.13        54.17
    10181.13        54.10
    10186.14        53.98
    10191.14        53.93
    10196.14        53.85
    10201.15        53.81
    10206.15        53.79
    10211.15        53.72
    10216.15        53.46
    10221.16        53.51
    10226.16        53.50
    10231.16        53.47
    10236.17        53.43
    10241.17        53.34
    10246.17        53.31
    10251.18        53.31
    10256.18        53.31
    10261.18        53.31
    10266.18        53.28
    10271.19        53.26
    10276.19        53.26
    10281.19        53.22
    10286.20        53.19
    10291.20        53.18
    10296.20        53.09
    10301.20        52.98
    10306.21        52.96
    10311.21        52.86
    10316.21        52.79
    10321.22        52.75
    10326.22        52.65
    10331.22        52.57
    10336.22        52.56
    10341.23        52.49
    10346.23        52.46
    10351.23        52.42
    10356.24        52.32
    10361.24        52.27
    10366.24        52.24
    10371.25        52.22
    10376.25        52.15
    10381.25        52.07
    10386.25        52.08
    10391.26        52.08
    10396.26        52.09
    10401.26        52.04
    10406.27        52.01
    10411.27        51.91
    10416.27        51.90
    10421.27        51.80
    10426.28        51.77
    10431.28        51.77
    10436.28        51.73
    10441.29        51.62
    10446.29        51.54
    10451.29        51.47
    10456.30        51.37
    10461.30        51.30
    10466.30        51.24
    10471.30        51.17
    10476.31        51.16
    10481.31        51.09
    10486.31        50.92
    10491.32        50.87
    10496.32        50.82
    10501.32        50.79
    10506.32        50.77
    10511.33        50.68
    10516.33        50.62
    10521.33        50.60
    10526.34        50.54
    10531.34        50.49
    10536.34        50.35
    10541.34        50.24
    10546.35        50.23
    10551.35        50.17
    10556.35        50.12
    10561.36        50.10
    10566.36        50.04
    10571.36        50.07
    10576.37        50.03
    10581.37        50.03
    10586.37        49.94
    10591.37        49.86
    10596.38        49.81
    10601.38        49.77
    10606.38        49.63
    10611.39        49.55
    10616.39        49.43
    10621.39        49.42
    10626.39        49.33
    10631.40        49.21
    10636.40        49.17
    10641.40        49.13
    10646.41        49.07
    10651.41        49.02
    10656.41        49.03
    10661.41        49.00
    10666.42        48.92
    10671.42        48.90
    10676.42        48.86
    10681.43        48.79
    10686.43        48.68
    10691.43        48.60
    10696.44        48.54
    10701.44        48.46
    10706.44        48.37
    10711.44        48.30
    10716.45        48.21
    10721.45        48.17
    10726.45        48.11
    10731.46        47.98
    10736.46        47.97
    10741.46        47.92
    10746.46        47.84
    10751.47        47.86
    10756.47        47.73
    10761.47        47.69
    10766.48        47.67
    10771.48        47.60
    10776.48        47.56
    10781.49        47.46
    10786.49        47.48
    10791.49        47.38
    10796.49        47.36
    10801.50        47.31
    10806.50        47.22
    10811.50        47.16
    10816.51        47.10
    10821.51        47.02
    10826.51        46.99
    10831.51        46.97
    10836.52        46.93
    10841.52        46.89
    10846.52        46.82
    10851.53        46.76
    10856.53        46.70
    10861.53        46.65
    10866.53        46.60
    10871.54        46.58
    10876.54        46.55
    10881.54        46.47
    10886.55        46.40
    10891.55        46.34
    10896.55        46.27
    10901.56        46.20
    10906.56        46.18
    10911.56        46.13
    10916.56        46.11
    10921.57        46.00
    10926.57        45.95
    10931.57        45.93
    10936.58        45.88
    10941.58        45.82
    10946.58        45.73
    10951.58        45.69
    10956.59        45.64
    10961.59        45.61
    10966.59        45.47
    10971.60        45.47
    10976.60        45.32
    10981.60        45.30
    10986.60        45.24
    10991.61        45.21
    10996.61        45.16
    11001.61        45.12
    11006.62        45.06
    11011.62        45.04
    11016.62        44.95
    11021.63        44.93
    11026.63        44.92
    11031.63        44.88
    11036.63        44.84
    11041.64        44.74
    11046.64        44.72
    11051.64        44.62
    11056.65        44.58
    11061.65        44.49
    11066.65        44.43
    11071.65        44.42
    11076.66        44.31
    11081.66        44.25
    11086.66        44.22
    11091.67        44.20
    11096.67        44.11
    11101.67        44.06
    11106.67        44.05
    11111.68        43.99
    11116.68        43.98
    11121.68        43.93
    11126.69        43.87
    11131.69        43.81
    11136.69        43.72
    11141.70        43.64
    11146.70        43.58
    11151.70        43.51
    11156.70        43.46
    11161.71        43.45
    11166.71        43.41
    11171.71        43.33
    11176.72        43.22
    11181.72        43.18
    11186.72        43.14
    11191.72        43.08
    11196.73        43.03
    11201.73        42.99
    11206.73        42.96
    11211.74        42.84
    11216.74        42.73
    11221.74        42.68
    11226.74        42.71
    11231.75        42.60
    11236.75        42.49
    11241.75        42.48
    11246.76        42.39
    11251.76        42.28
    11256.76        42.24
    11261.76        42.22
    11266.77        42.24
    11271.77        42.06
    11276.77        41.95
    11281.78        41.96
    11286.78        41.93
    11291.78        41.75
    11296.79        41.66
    11301.79        41.64
    11306.79        41.72
    11311.79        41.58
    11316.80        41.57
    11321.80        41.51
    11326.80        41.65
    11331.81        41.58
    11336.81        41.31
    11341.51        41.13
    11346.51        41.13
    11351.52        41.35
    11356.52        41.29
    11361.52        41.15
    11366.52        41.18
    11371.53        41.19
    11376.53        41.08
    11381.53        41.14
    11386.54        41.18
    11391.54        41.13
    11396.54        41.07
    11401.55        41.00
    11406.55        40.93
    11411.55        40.77
    11416.55        40.34
    11421.56        40.28
    11426.56        40.39
    11431.56        40.17
    11436.57        40.18
    11441.57        40.31
    11446.57        40.26
    11451.57        40.23
    11456.58        40.21
    11461.58        40.12
    11466.58        40.10
    11471.59        40.13
    11476.59        40.05
    11481.59        39.96
    11486.59        40.03
    11491.60        40.05
    11496.60        40.02
    11501.60        39.98
    11506.61        39.88
    11511.61        39.75
    11516.61        39.67
    11521.61        39.88
    11526.62        39.82
    11531.62        39.86
    11536.62        39.84
    11541.63        39.75
    11546.63        39.73
    11551.63        39.71
    11556.64        39.67
    11561.64        39.64
    11566.64        39.58
    11571.64        39.55
    11576.65        39.53
    11581.65        39.39
    11586.65        39.40
    11591.66        39.30
    11596.66        39.08
    11601.66        39.02
    11606.66        39.11
    11611.67        39.09
    11616.67        39.04
    11621.67        39.04
    11626.68        38.92
    11631.68        38.95
    11636.68        38.92
    11641.68        38.83
    11646.69        38.79
    11651.69        38.79
    11656.69        38.80
    11661.70        38.81
    11666.70        38.81
    11671.70        38.76
    11676.71        38.78
    11681.71        38.76
    11686.71        38.63
    11691.71        38.62
    11696.72        38.66
    11701.72        38.54
    11706.72        38.54
    11711.73        38.59
    11716.73        38.48
    11721.73        38.53
    11726.73        38.47
    11731.74        38.49
    11736.74        38.44
    11741.74        38.38
    11746.75        38.45
    11751.75        38.46
    11756.75        38.50
    11761.75        38.46
    11766.76        38.45
    11771.76        38.47
    11776.76        38.45
    11781.77        38.41
    11786.77        38.33
    11791.77        38.32
    11796.77        38.20
    11801.78        38.19
    11806.78        38.17
    11811.78        38.21
    11816.79        38.17
    11821.79        38.09
    11826.79        38.05
    11831.80        38.03
    11836.80        38.07
    11841.80        38.04
    11846.80        37.99
    11851.81        38.01
    11856.81        38.04
    11861.81        38.00
    11866.82        37.98
    11871.82        37.98
    11876.82        37.95
    11881.82        37.82
    11886.83        37.78
    11891.83        37.71
    11896.83        37.80
    11901.84        37.64
    11906.84        37.54
    11911.84        37.54
    11916.84        37.35
    11921.85        37.24
    11926.85        37.18
    11931.85        37.24
    11936.86        37.22
    11941.86        37.18
    11946.86        37.07
    11951.86        37.11
    11956.87        37.03
    11961.87        37.02
    11966.87        36.94
    11971.88        36.90
    11976.88        36.90
    11981.88        36.81
    11986.89        36.76
    11991.89        36.68
    11996.89        36.61
    12001.89        36.57
    12006.90        36.57
    12011.90        36.57
    12016.90        36.54
    12021.91        36.55
    12026.91        36.54
    12031.91        36.53
    12036.91        36.51
    12041.92        36.42
    12046.92        36.42
    12051.92        36.47
    12056.93        36.44
    12061.93        36.41
    12066.93        36.29
    12071.93        36.27
    12076.94        36.28
    12081.94        36.32
    12086.94        36.22
    12091.95        36.07
    12096.95        36.03
    12101.95        36.08
    12106.95        36.07
    12111.96        36.04
    12116.96        35.95
    12121.96        35.96
    12126.97        35.89
    12131.97        35.90
    12136.97        35.78
    12141.98        35.82
    12146.98        35.84
    12151.98        35.87
    12156.98        35.87
    12161.99        35.82
    12166.99        35.81
    12171.99        35.75
    12177.00        35.58
    12182.00        35.60
    12187.00        35.67
    12192.00        35.54
    12197.01        35.48
    12202.01        35.49
    12207.01        35.51
    12212.02        35.48
    12217.02        35.47
    12222.02        35.44
    12227.02        35.32
    12232.03        35.33
    12237.03        35.28
    12242.03        35.16
    12247.04        35.13
    12252.04        35.16
    12257.04        35.09
    12262.04        35.13
    12267.05        35.04
    12272.05        34.97
    12277.05        34.85
    12282.06        34.78
    12287.06        34.70
    12292.06        34.61
    12297.07        34.53
    12302.07        34.46
    12307.07        34.39
    12312.07        34.51
    12317.08        34.50
    12322.08        34.50
    12327.08        34.46
    12332.09        34.50
    12337.09        34.59
    12342.09        34.72
    12347.09        34.66
    12352.10        34.47
    12357.10        34.40
    12362.10        34.32
    12367.11        34.34
    12372.11        34.34
    12377.11        34.32
    12382.11        34.28
    12387.12        34.23
    12392.12        34.28
    12397.12        34.15
    12402.13        34.11
    12407.13        34.13
    12412.13        34.21
    12417.13        34.25
    12422.14        34.24
    12427.14        34.11
    12432.14        34.25
    12437.15        34.16
    12442.15        34.03
    12447.15        33.96
    12452.15        33.90
    12457.16        33.84
    12462.16        33.84
    12467.16        33.80
    12472.17        33.78
    12477.17        33.76
    12482.17        33.79
    12487.18        33.69
    12492.18        33.62
    12497.18        33.55
    12502.18        33.57
    12507.19        33.44
    12512.19        33.53
    12517.19        33.51
    12522.20        33.53
    12527.20        33.47
    12532.20        33.45
    12537.20        33.37
    12542.21        33.48
    12547.21        33.47
    12552.21        33.55
    12557.22        33.54
    12562.22        33.46
    12567.22        33.36
    12572.22        33.38
    12577.23        33.36
    12582.23        33.36
    12587.23        33.31
    12592.24        33.33
    12597.24        33.23
    12602.24        33.24
    12607.24        33.18
    12612.25        33.12
    12617.25        33.04
    12622.25        32.97
    12627.26        32.97
    12632.26        33.03
    12637.26        32.93
    12642.26        32.84
    12647.27        32.84
    12652.27        32.82
    12657.27        32.83
    12662.28        32.80
    12667.28        32.77
    12672.28        32.79
    12677.29        32.75
    12682.29        32.86
    12687.29        32.80
    12692.29        32.87
    12697.30        32.88
    12702.30        32.85
    12707.30        32.88
    12712.31        32.87
    12717.31        32.88
    12722.31        32.94
    12727.31        32.89
    12732.32        32.85
    12737.32        32.84
    12742.32        32.91
    12747.33        32.91
    12752.33        32.79
    12757.33        32.80
    12762.33        32.79
    12767.34        32.82
    12772.34        32.80
    12777.34        32.82
    12782.35        32.81
    12787.35        32.83
    12792.35        32.84
    12797.35        32.85
    12802.36        32.85
    12807.36        32.80
    12812.36        32.81
    12817.37        32.83
    12822.37        32.80
    12827.37        32.80
    12832.37        32.81
    12837.38        32.77
    12842.38        32.78
    12847.38        32.71
    12852.39        32.74
    12857.39        32.70
    12862.39        32.73
    12867.39        32.72
    12872.40        32.72
    12877.40        32.61
    12882.40        32.58
    12887.41        32.52
    12892.41        32.51
    12897.41        32.46
    12902.42        32.41
    12907.42        32.43
    12912.42        32.35
    12917.42        32.32
    12922.43        32.30
    12927.43        32.32
    12932.43        32.28
    12937.44        32.28
    12942.44        32.24
    12947.44        32.23
    12952.44        32.24
    12957.45        32.19
    12962.45        32.22
    12967.45        32.18
    12972.46        32.13
    12977.46        32.14
    12982.46        32.07
    12987.46        32.08
    12992.47        32.02
    12997.47        31.99
    13002.47        31.96
    13007.48        31.97
    13012.48        31.92
    13017.48        31.86
    13022.48        31.86
    13027.49        31.86
    13032.49        31.81
    13037.49        31.73
    13042.50        31.72
    13047.50        31.71
    13052.50        31.73
    13057.50        31.77
    13062.51        31.76
    13067.51        31.72
    13072.51        31.64
    13077.52        31.73
    13082.52        31.76
    13087.52        31.78
    13092.53        31.79
    13097.53        31.81
    13102.53        31.79
    13107.53        31.78
    13112.54        31.78
    13117.54        31.76
    13122.54        31.71
    13127.55        31.67
    13132.55        31.64
    13137.55        31.63
    13142.55        31.59
    13147.56        31.55
    13152.56        31.55
    13157.56        31.56
    13162.57        31.57
    13167.57        31.63
    13172.57        31.68
    13177.57        31.65
    13182.58        31.74
    13187.58        31.66
    13192.58        31.70
    13197.59        31.71
    13202.59        31.74
    13207.59        31.72
    13212.59        31.72
    13217.60        31.64
    13222.60        31.66
    13227.60        31.59
    13232.61        31.62
    13237.61        31.59
    13242.61        31.63
    13247.61        31.61
    13252.62        31.50
    13257.62        31.58
    13262.62        31.54
    13267.63        31.53
    13272.63        31.51
    13277.63        31.43
    13282.63        31.45
    13287.64        31.43
    13292.64        31.39
    13297.64        31.40
    13302.65        31.33
    13307.65        31.30
    13312.65        31.23
    13317.65        31.14
    13322.66        31.21
    13327.66        31.20
    13332.66        31.05
    13337.67        31.09
    13342.67        31.07
    13347.67        31.00
    13352.68        30.96
    13357.68        30.94
    13362.68        30.89
    13367.68        30.89
    13372.69        30.84
    13377.69        30.83
    13382.69        30.78
    13387.70        30.81
    13392.70        30.75
    13397.70        30.70
    13402.70        30.74
    13407.71        30.69
    13412.71        30.69
    13417.71        30.70
    13422.72        30.69
    13427.72        30.66
    13432.72        30.64
    13437.72        30.61
    13442.73        30.63
    13447.73        30.62
    13452.73        30.60
    13457.74        30.61
    13462.74        30.64
    13467.74        30.64
    13472.74        30.64
    13477.75        30.67
    13482.75        30.71
    13487.75        30.66
    13492.76        30.64
    13497.76        30.59
    13502.76        30.58
    13507.76        30.57
    13512.77        30.53
    13517.77        30.49
    13522.77        30.38
    13527.78        30.35
    13532.78        30.37
    13537.78        30.37
    13542.78        30.32
    13547.79        30.34
    13552.79        30.28
    13557.79        30.25
    13562.80        30.25
    13567.80        30.14
    13572.80        30.11
    13577.80        30.09
    13582.81        30.14
    13587.81        30.06
    13592.81        30.01
    13597.82        29.98
    13602.82        29.97
    13607.82        29.98
    13612.82        29.94
    13617.83        29.95
    13622.83        29.90
    13627.83        29.85
    13632.84        29.85
    13637.84        29.84
    13642.84        29.84
    13647.85        29.73
    13652.85        29.65
    13657.85        29.67
    13662.85        29.70
    13667.86        29.66
    13672.86        29.69
    13677.86        29.67
    13682.87        29.63
    13687.87        29.63
    13692.87        29.52
    13697.87        29.50
    13702.88        29.46
    13707.88        29.44
    13712.88        29.35
    13717.89        29.34
    13722.89        29.34
    13727.89        29.29
    13732.89        29.18
    13737.90        29.11
    13742.90        29.04
    13747.90        29.05
    13752.91        29.00
    13757.91        28.92
    13762.91        28.87
    13767.91        28.84
    13772.92        28.76
    13777.92        28.68
    13782.92        28.67
    13787.93        28.57
    13792.93        28.47
    13797.93        28.37
    13802.93        28.33
    13807.94        28.25
    13812.94        28.15
    13817.94        28.08
    13822.95        28.05
    13827.95        27.99
    13832.95        27.97
    13837.95        27.95
    13842.96        27.91
    13847.96        27.86
    13852.96        27.89
    13857.97        27.89
    13862.97        27.84
    13867.97        27.81
    13872.97        27.82
    13877.98        27.80
    13882.98        27.77
    13887.98        27.71
    13892.99        27.73
    13897.99        27.70
    13902.99        27.77
    13907.99        27.75
    13913.00        27.75
    13918.00        27.81
    13923.00        27.81
    13928.01        27.84
    13933.01        27.78
    13938.01        27.80
    13943.01        27.78
    13948.02        27.72
    13953.02        27.78
    13958.02        27.87
    13963.03        27.98
    13968.03        28.00
    13973.03        27.88
    13978.04        27.76
    13983.04        27.59
    13988.04        27.35
    13993.04        27.19
    13998.05        26.87
    14003.05        26.68
    14008.05        26.57
    14013.06        26.47
    14018.06        26.41
    14023.06        26.30
    14028.06        26.24
    14033.07        26.21
    14038.07        26.23
    14043.07        26.24
    14048.08        26.23
    14053.08        26.22
    14058.08        26.18
    14063.08        26.17
    14068.09        26.12
    14073.09        26.08
    14078.09        26.01
    14083.10        25.96
    14088.10        25.88
    14093.10        25.81
    14098.10        25.75
    14103.11        25.75
    14108.11        25.69
    14113.11        25.70
    14118.12        25.69
    14123.12        25.77
    14128.12        25.79
    14133.12        25.79
    14138.13        25.86
    14143.13        26.03
    14148.13        26.00
    14153.14        26.00
    14158.14        25.97
    14163.14        25.99
    14168.14        25.98
    14173.15        25.92
    14178.15        25.88
    14183.15        25.80
    14188.16        25.65
    14193.16        25.59
    14198.16        25.57
    14203.16        25.64
    14208.17        25.66
    14213.17        25.67
    14218.17        25.61
    14223.18        25.69
    14228.18        25.72
    14233.18        25.64
    14238.18        25.67
    14243.19        25.53
    14248.19        25.60
    14253.19        25.56
    14258.20        25.55
    14263.20        25.42
    14268.20        25.36
    14273.20        25.36
    14278.21        25.34
    14283.21        25.35
    14288.21        25.35
    14293.22        25.42
    14298.22        25.37
    14303.22        25.44
    14308.22        25.43
    14313.23        25.42
    14318.23        25.41
    14323.23        25.40
    14328.24        25.45
    14333.24        25.40
    14338.24        25.39
    14343.24        25.43
    14348.25        25.36
    14353.25        25.39
    14358.25        25.37
    14363.26        25.36
    14368.26        25.42
    14373.26        25.41
    14378.26        25.43
    14383.27        25.33
    14388.27        25.32
    14393.27        25.39
    14398.28        25.41
    14403.28        25.39
    14408.28        25.40
    14413.28        25.41
    14418.29        25.49
    14423.29        25.38
    14428.29        25.42
    14433.30        25.45
    14438.30        25.45
    14443.30        25.45
    14448.31        25.35
    14453.31        25.36
    14458.31        25.39
    14463.31        25.39
    14468.32        25.38
    14473.32        25.35
    14478.32        25.36
    14483.33        25.35
    14488.33        25.35
    14493.33        25.27
    14498.33        25.26
    14503.34        25.24
    14508.34        25.22
    14513.34        25.21
    14518.35        25.14
    14523.35        25.13
    14528.35        25.09
    14533.35        25.09
    14538.36        25.02
    14543.36        24.99
    14548.36        24.95
    14553.37        24.88
    14558.37        24.91
    14563.37        24.87
    14568.37        24.82
    14573.38        24.82
    14578.38        24.82
    14583.38        24.79
    14588.39        24.81
    14593.39        24.78
    14598.39        24.79
    14603.39        24.75
    14608.40        24.77
    14613.40        24.68
    14618.40        24.75
    14623.41        24.72
    14628.41        24.72
    14633.41        24.72
    14638.41        24.71
    14643.42        24.64
    14648.42        24.66
    14653.42        24.69
    14658.43        24.75
    14663.43        24.73
    14668.43        24.75
    14673.43        24.70
    14678.44        24.67
    14683.44        24.66
    14688.44        24.66
    14693.45        24.63
    14698.45        24.69
    14703.45        24.68
    14708.45        24.64
    14713.46        24.61
    14718.46        24.64
    14723.46        24.61
    14728.47        24.54
    14733.47        24.54
    14738.47        24.59
    14743.47        24.55
    14748.48        24.57
    14753.48        24.59
    14758.48        24.52
    14763.49        24.49
    14768.49        24.45
    14773.49        24.44
    14778.49        24.47
    14783.50        24.49
    14788.50        24.45
    14793.50        24.42
    14798.51        24.39
    14803.51        24.34
    14808.51        24.34
    14813.51        24.29
    14818.52        24.31
    14823.52        24.34
    14828.52        24.41
    14833.53        24.29
    14838.53        24.34
    14843.53        24.39
    14848.53        24.36
    14853.54        24.40
    14858.54        24.41
    14863.54        24.40
    14868.55        24.38
    14873.55        24.42
    14878.55        24.50
    14883.55        24.41
    14888.56        24.43
    14893.56        24.41
    14898.56        24.48
    14903.57        24.53
    14908.57        24.44
    14913.57        24.45
    14918.57        24.47
    14923.58        24.51
    14928.58        24.46
    14933.58        24.49
    14938.59        24.40
    14943.59        24.36
    14948.59        24.27
    14953.59        24.25
    14958.60        24.22
    14963.60        24.21
    14968.60        24.14
    14973.61        24.14
    14978.61        24.10
    14983.61        24.10
    14988.61        24.06
    14993.62        24.10
    14998.62        24.05
    15003.62        24.06
    15008.63        23.94
    15013.63        24.01
    15018.63        23.96
    15023.63        23.88
    15028.64        23.99
    15033.64        24.02
    15038.64        23.94
    15043.65        23.88
    15048.65        24.05
    15053.65        23.92
    15058.65        23.91
    15063.66        23.96
    15068.66        23.86
    15073.66        23.87
    15078.67        23.76
    15083.67        23.88
    15088.67        23.89
    15093.67        23.92
    15098.68        23.75
    15103.68        23.79
    15108.68        23.86
    15113.69        23.82
    15118.69        23.88
    15123.69        23.82
    15128.69        23.69
    15133.70        23.69
    15138.70        23.69
    15143.70        23.58
    15148.71        23.54
    15153.71        23.53
    15158.71        23.45
    15163.71        23.47
    15168.72        23.49
    15173.72        23.41
    15178.72        23.52
    15183.73        23.48
    15188.73        23.51
    15193.73        23.49
    15198.73        23.43
    15203.74        23.42
    15208.74        23.35
    15213.74        23.28
    15218.75        23.28
    15223.75        23.20
    15228.75        23.29
    15233.75        23.32
    15238.76        23.24
    15243.76        23.25
    15248.76        23.19
    15253.77        23.15
    15258.77        23.17
    15263.77        23.11
    15268.77        23.16
    15273.78        23.20
    15278.78        23.20
    15283.78        23.23
    15288.79        23.33
    15293.79        23.28
    15298.79        23.10
    15303.79        23.15
    15308.80        23.20
    15313.80        23.25
    15318.80        23.19
    15323.81        23.18
    15328.81        23.16
    15333.81        23.31
    15338.81        23.19
    15343.82        23.12
    15348.82        23.15
    15353.82        23.08
    15358.83        23.07
    15363.83        23.09
    15368.83        22.96
    15373.83        23.01
    15378.84        22.93
    15383.84        22.97
    15388.84        23.02
    15393.85        23.00
    15398.85        22.87
    15403.85        22.88
    15408.85        22.92
    15413.86        22.76
    15418.86        22.78
    15423.86        22.75
    15428.87        22.94
    15433.87        22.85
    15438.87        22.69
    15443.87        22.64
    15448.88        22.61
    15453.88        22.64
    15458.88        22.45
    15463.89        22.54
    15468.89        22.52
    15473.89        22.50
    15478.89        22.48
    15483.90        22.54
    15488.90        22.49
    15493.90        22.32
    15498.91        22.37
    15503.91        22.36
    15508.91        22.33
    15513.91        22.29
    15518.92        22.36
    15523.92        22.31
    15528.92        22.32
    15533.93        22.32
    15538.93        22.26
    15543.93        22.24
    15548.93        22.21
    15553.94        22.21
    15558.94        22.25
    15563.94        22.21
    15568.95        22.12
    15573.95        22.13
    15578.95        22.03
    15583.95        21.99
    15588.96        21.89
    15593.96        21.98
    15598.96        22.02
    15603.97        22.00
    15608.97        22.03
    15613.97        21.96
    15618.97        21.89
    15623.98        21.83
    15628.98        21.85
    15633.98        21.79
    15638.99        21.74
    15643.99        21.77
    15648.99        21.82
    15653.99        21.72
    15659.00        21.73
    15664.00        21.69
    15669.00        21.70
    15674.01        21.78
    15679.01        21.62
    15684.01        21.59
    15689.01        21.65
    15694.02        21.72
    15699.02        21.60
    15704.02        21.57
    15709.03        21.53
    15714.03        21.70
    15719.03        21.68
    15724.03        21.60
    15729.04        21.39
    15734.04        21.39
    15739.04        21.50
    15744.05        21.64
    15749.05        21.57
    15754.05        21.39
    15759.05        21.35
    15764.06        21.43
    15769.06        21.18
    15774.06        21.27
    15779.07        21.48
    15784.07        21.60
    15789.07        21.82
    15794.07        21.87
    15799.08        21.53
    15804.08        21.49
    15809.08        21.61
    15814.09        21.54
    15819.09        21.45
    15824.09        21.41
    15829.09        21.37
    15834.10        21.29
    15839.10        21.14
    15844.10        21.06
    15849.11        21.01
    15854.11        20.86
    15859.11        20.84
    15864.11        20.74
    15869.12        20.76
    15874.12        20.72
    15879.12        20.74
    15884.13        20.67
    15889.13        20.65
    15894.13        20.67
    15899.13        20.61
    15904.14        20.54
    15909.14        20.49
    15914.14        20.53
    15919.15        20.54
    15924.15        20.57
    15929.15        20.59
    15934.15        20.57
