# MB_2m_NZGD2000_NZTM_OD - Mean
# Coordinate Projection: NZTM
# Attribute Unit: m
# Z-axis convention: Up is positive
# Distance Unit: m
# Start Location: 1371753.794 4876127.603
# End Location: 1384978.525 4863291.701
# Format: Distance    Attribute
        0.00        93.18
        5.00        93.09
       10.01        92.99
       15.01        92.88
       20.01        92.76
       25.01        92.68
       30.02        92.57
       35.02        92.48
       40.02        92.38
       45.03        92.33
       50.03        92.25
       55.03        92.16
       60.03        92.01
       65.04        91.87
       70.04        91.76
       75.04        91.57
       80.05        91.02
       85.05        90.67
       90.05        90.71
       95.05        90.76
      100.06        90.64
      100.17        90.64
      105.17        90.54
      110.17        90.51
      115.17        90.44
      120.18        90.29
      125.18        90.24
      130.18        90.84
      135.19        90.64
      140.19        90.76
      145.19        90.79
      150.19        90.95
      155.20        90.84
      160.20        90.77
      165.20        90.57
      170.21        90.51
      175.21        90.48
      180.21        90.37
      185.21        90.50
      190.22        90.65
      195.22        90.16
      200.22        90.10
      205.23        90.90
      210.23        90.95
      215.23        90.82
      220.23        90.99
      225.24        91.10
      230.24        91.40
      235.24        91.55
      240.25        91.57
      245.25        91.48
      250.25        91.37
      255.25        91.31
      260.26        91.17
      265.26        91.06
      270.26        90.99
      275.27        90.93
      280.27        90.87
      285.27        90.81
      290.27        90.74
      295.28        90.66
      300.28        90.60
      301.25        90.58
      306.26        90.53
      311.26        90.47
      316.26        90.42
      321.26        90.36
      326.27        90.30
      331.27        90.23
      336.27        90.16
      341.28        90.11
      346.28        90.06
      351.28        90.01
      356.28        89.96
      361.29        89.93
      366.29        89.89
      371.29        89.84
      376.30        89.79
      381.30        89.73
      386.30        89.71
      391.30        89.64
      396.31        89.58
      401.31        89.51
      406.31        89.45
      411.32        89.43
      416.32        89.39
      421.32        89.34
      426.32        89.31
      431.33        89.26
      436.33        89.25
      441.33        89.22
      446.34        89.15
      451.34        89.08
      456.34        89.02
      461.34        88.97
      466.35        88.93
      471.35        88.89
      476.35        88.86
      481.36        88.84
      486.36        88.80
      491.36        88.75
      496.36        88.70
      501.37        88.65
      506.37        88.63
      511.37        88.59
      516.38        88.54
      521.38        88.49
      526.38        88.47
      531.38        88.42
      536.39        88.38
      541.39        88.34
      546.39        88.30
      551.40        88.25
      556.40        88.20
      561.40        88.16
      566.40        88.14
      571.41        88.09
      576.41        88.06
      581.41        88.01
      586.42        87.96
      591.42        87.92
      596.42        87.88
      601.42        87.84
      606.43        87.79
      611.43        87.75
      616.43        87.72
      621.44        87.69
      626.44        87.66
      631.44        87.61
      636.44        87.55
      641.45        87.52
      646.45        87.49
      651.45        87.44
      656.46        87.39
      661.46        87.35
      666.46        87.31
      671.46        87.30
      676.47        87.26
      681.47        87.21
      686.47        87.17
      691.48        87.15
      696.48        87.08
      701.48        87.03
      706.48        86.99
      711.49        86.94
      716.49        86.91
      721.49        86.87
      726.50        86.83
      731.50        86.79
      736.50        86.77
      741.50        86.75
      746.51        86.73
      751.51        86.69
      756.51        86.66
      761.52        86.60
      766.52        86.57
      771.52        86.50
      776.52        86.45
      781.53        86.39
      786.53        86.37
      791.53        86.33
      796.54        86.27
      801.54        86.22
      806.54        86.18
      811.54        86.17
      816.55        86.13
      821.55        86.11
      826.55        86.06
      831.56        86.03
      836.56        86.00
      841.56        85.98
      846.56        86.00
      851.57        85.97
      856.57        85.90
      861.57        85.83
      866.58        85.74
      871.58        85.68
      876.58        85.64
      881.58        85.62
      886.59        85.58
      891.59        85.54
      896.59        85.50
      901.60        85.46
      904.48        85.44
      909.48        85.43
      914.48        85.41
      919.48        85.37
      924.49        85.33
      929.49        85.31
      934.49        85.27
      939.50        85.24
      944.50        85.20
      949.50        85.17
      954.50        85.12
      959.51        85.07
      964.51        85.01
      969.51        84.97
      974.52        84.94
      979.52        84.90
      984.52        84.87
      989.52        84.86
      994.53        84.83
      999.53        84.80
     1004.53        84.76
     1009.54        84.73
     1014.54        84.70
     1019.54        84.67
     1024.54        84.64
     1029.55        84.60
     1034.55        84.57
     1039.55        84.54
     1044.56        84.51
     1049.56        84.48
     1054.56        84.43
     1059.56        84.37
     1064.57        84.34
     1069.57        84.31
     1074.57        84.27
     1079.58        84.24
     1084.58        84.21
     1089.58        84.21
     1094.58        84.21
     1099.59        84.17
     1104.59        84.13
     1109.59        84.11
     1114.60        84.07
     1119.60        84.03
     1124.60        84.02
     1129.60        83.98
     1134.61        83.96
     1139.61        83.92
     1144.61        83.89
     1149.62        83.88
     1154.62        83.85
     1159.62        83.83
     1164.62        83.80
     1169.63        83.78
     1174.63        83.76
     1179.63        83.72
     1184.64        83.71
     1189.64        83.68
     1194.64        83.66
     1199.64        83.62
     1204.65        83.59
     1209.65        83.56
     1214.65        83.52
     1219.66        83.48
     1224.66        83.45
     1229.66        83.44
     1234.66        83.41
     1239.67        83.41
     1244.67        83.41
     1249.67        83.41
     1254.68        83.38
     1259.68        83.34
     1264.68        83.30
     1269.68        83.30
     1274.69        83.27
     1279.69        83.23
     1284.69        83.21
     1289.70        83.19
     1294.70        83.16
     1299.70        83.14
     1304.70        83.09
     1309.71        83.08
     1314.71        83.05
     1319.71        83.03
     1324.72        83.04
     1329.72        83.04
     1334.72        83.04
     1339.72        83.01
     1344.73        82.98
     1349.73        82.94
     1354.73        82.92
     1359.74        82.90
     1364.74        82.88
     1369.74        82.87
     1374.74        82.86
     1379.75        82.85
     1384.75        82.81
     1389.75        82.78
     1394.76        82.76
     1399.76        82.74
     1404.76        82.73
     1409.76        82.69
     1414.77        82.69
     1419.77        82.68
     1424.77        82.66
     1429.77        82.66
     1434.78        82.66
     1439.78        82.63
     1444.78        82.59
     1449.79        82.56
     1454.79        82.53
     1459.79        82.51
     1464.79        82.51
     1469.80        82.50
     1474.80        82.47
     1479.80        82.47
     1484.81        82.46
     1489.81        82.42
     1494.81        82.41
     1499.81        82.37
     1504.82        82.36
     1509.82        82.34
     1514.82        82.32
     1519.83        82.31
     1524.83        82.28
     1529.83        82.27
     1534.83        82.24
     1539.84        82.22
     1544.84        82.17
     1549.84        82.17
     1554.85        82.15
     1559.85        82.13
     1564.85        82.09
     1569.85        82.08
     1574.86        82.08
     1579.86        82.06
     1584.86        82.04
     1589.87        82.03
     1594.87        82.02
     1599.87        82.00
     1604.87        81.96
     1609.88        81.91
     1614.88        81.89
     1619.88        81.86
     1624.89        81.84
     1629.89        81.81
     1634.89        81.79
     1639.89        81.78
     1644.90        81.76
     1649.90        81.76
     1654.90        81.76
     1659.91        81.75
     1664.91        81.74
     1669.91        81.70
     1674.91        81.67
     1679.92        81.64
     1681.63        81.62
     1686.63        81.59
     1691.64        81.56
     1696.64        81.54
     1701.64        81.51
     1706.65        81.51
     1711.65        81.51
     1716.65        81.50
     1721.65        81.48
     1726.66        81.46
     1731.66        81.44
     1736.66        81.42
     1741.67        81.39
     1746.67        81.38
     1751.67        81.35
     1756.67        81.33
     1761.68        81.31
     1766.68        81.30
     1771.68        81.24
     1776.69        81.21
     1781.69        81.18
     1786.69        81.16
     1791.69        81.14
     1796.70        81.14
     1801.70        81.14
     1806.70        81.13
     1811.71        81.10
     1816.71        81.07
     1821.71        81.02
     1826.71        81.00
     1831.72        80.96
     1836.72        80.94
     1841.72        80.93
     1846.73        80.91
     1851.73        80.88
     1856.73        80.85
     1861.73        80.83
     1866.74        80.82
     1871.74        80.81
     1876.74        80.79
     1881.74        80.76
     1886.75        80.74
     1891.75        80.68
     1896.75        80.66
     1901.76        80.62
     1906.76        80.59
     1911.76        80.57
     1916.76        80.58
     1921.77        80.56
     1926.77        80.55
     1931.77        80.49
     1936.78        80.46
     1941.78        80.45
     1946.78        80.43
     1951.78        80.41
     1956.79        80.38
     1961.79        80.36
     1966.79        80.33
     1971.80        80.31
     1976.80        80.27
     1981.80        80.24
     1986.80        80.23
     1991.81        80.21
     1996.81        80.19
     2001.81        80.17
     2006.82        80.15
     2011.82        80.12
     2016.82        80.08
     2021.82        80.08
     2026.83        80.06
     2031.83        80.04
     2036.83        80.01
     2041.84        80.00
     2046.84        79.98
     2051.84        79.96
     2056.84        79.92
     2061.85        79.90
     2066.85        79.88
     2071.85        79.84
     2076.86        79.82
     2081.86        79.80
     2086.86        79.80
     2091.86        79.79
     2096.87        79.78
     2101.87        79.77
     2106.87        79.74
     2111.88        79.72
     2116.88        79.70
     2121.88        79.68
     2126.88        79.66
     2131.89        79.64
     2136.89        79.62
     2141.89        79.63
     2146.90        79.59
     2151.90        79.56
     2156.90        79.55
     2161.90        79.53
     2166.91        79.50
     2171.91        79.48
     2176.91        79.48
     2181.92        79.47
     2186.92        79.45
     2191.92        79.44
     2196.92        79.43
     2201.93        79.42
     2206.93        79.39
     2211.93        79.38
     2216.94        79.37
     2221.94        79.35
     2226.94        79.32
     2231.94        79.30
     2236.95        79.29
     2241.95        79.26
     2246.95        79.24
     2251.96        79.23
     2256.96        79.23
     2261.96        79.21
     2266.96        79.19
     2271.97        79.17
     2276.97        79.16
     2281.97        79.14
     2286.97        79.11
     2291.98        79.10
     2296.98        79.08
     2301.98        79.06
     2306.99        79.05
     2311.99        79.04
     2316.99        79.02
     2321.99        79.01
     2327.00        79.00
     2332.00        78.98
     2337.00        78.98
     2342.01        78.95
     2347.01        78.94
     2352.01        78.92
     2357.01        78.91
     2362.02        78.88
     2367.02        78.86
     2372.02        78.87
     2377.03        78.86
     2382.03        78.82
     2387.03        78.80
     2392.03        78.80
     2397.04        78.78
     2402.04        78.76
     2407.04        78.76
     2412.05        78.76
     2417.05        78.74
     2422.05        78.71
     2427.05        78.69
     2432.06        78.66
     2437.06        78.67
     2442.06        78.63
     2447.07        78.64
     2452.07        78.62
     2457.07        78.63
     2462.07        78.62
     2467.08        78.59
     2472.08        78.57
     2477.08        78.56
     2482.09        78.53
     2487.09        78.51
     2492.09        78.49
     2497.09        78.49
     2502.10        78.48
     2507.10        78.48
     2512.10        78.47
     2517.11        78.45
     2522.11        78.43
     2527.11        78.41
     2532.11        78.39
     2537.12        78.39
     2542.12        78.38
     2547.12        78.36
     2552.13        78.35
     2557.13        78.33
     2562.13        78.31
     2567.13        78.29
     2572.14        78.29
     2577.14        78.27
     2582.14        78.26
     2587.14        78.25
     2592.15        78.23
     2597.15        78.25
     2602.15        78.21
     2607.16        78.18
     2612.16        78.16
     2617.16        78.12
     2622.16        78.12
     2627.17        78.10
     2632.17        78.12
     2637.17        78.11
     2642.18        78.10
     2647.18        78.07
     2652.18        78.06
     2657.18        78.04
     2662.13        78.03
     2667.13        78.01
     2672.14        78.02
     2677.14        77.99
     2682.14        77.97
     2687.14        77.95
     2692.15        77.92
     2697.15        77.88
     2702.15        77.87
     2707.16        77.85
     2712.16        77.85
     2717.16        77.86
     2722.16        77.87
     2727.17        77.86
     2732.17        77.84
     2737.17        77.82
     2742.18        77.81
     2747.18        77.78
     2752.18        77.75
     2757.18        77.74
     2762.19        77.72
     2767.19        77.70
     2772.19        77.67
     2777.20        77.66
     2782.20        77.65
     2787.20        77.64
     2792.20        77.64
     2797.21        77.65
     2802.21        77.62
     2807.21        77.61
     2812.21        77.60
     2817.22        77.55
     2822.22        77.54
     2827.22        77.51
     2832.23        77.51
     2837.23        77.52
     2842.23        77.53
     2847.23        77.49
     2852.24        77.48
     2857.24        77.46
     2862.24        77.43
     2867.25        77.43
     2872.25        77.40
     2877.25        77.40
     2882.25        77.38
     2887.26        77.34
     2892.26        77.36
     2897.26        77.35
     2902.27        77.35
     2907.27        77.33
     2912.27        77.31
     2917.27        77.31
     2922.28        77.31
     2927.28        77.29
     2932.28        77.27
     2937.29        77.26
     2942.29        77.25
     2947.29        77.25
     2952.29        77.23
     2957.30        77.21
     2962.30        77.17
     2967.30        77.17
     2972.31        77.17
     2977.31        77.14
     2982.31        77.13
     2987.31        77.14
     2992.32        77.12
     2997.32        77.10
     3002.32        77.10
     3007.33        77.08
     3012.33        77.08
     3017.33        77.05
     3022.33        77.04
     3027.34        77.02
     3032.34        77.03
     3037.34        77.01
     3042.34        76.99
     3047.35        76.98
     3052.35        76.95
     3057.35        76.94
     3062.36        76.92
     3067.36        76.90
     3072.36        76.88
     3077.36        76.87
     3082.37        76.86
     3087.37        76.85
     3092.37        76.84
     3097.38        76.83
     3102.38        76.82
     3107.38        76.80
     3112.38        76.78
     3117.39        76.78
     3122.39        76.75
     3127.39        76.74
     3132.40        76.70
     3137.40        76.71
     3142.40        76.71
     3147.40        76.70
     3152.41        76.68
     3157.41        76.67
     3162.41        76.65
     3167.42        76.61
     3172.42        76.57
     3177.42        76.56
     3182.42        76.54
     3187.43        76.55
     3192.43        76.53
     3197.43        76.53
     3202.44        76.50
     3207.44        76.50
     3212.44        76.51
     3217.44        76.49
     3222.45        76.48
     3227.45        76.46
     3232.45        76.47
     3237.46        76.44
     3242.46        76.41
     3247.46        76.37
     3252.46        76.37
     3257.47        76.35
     3262.47        76.36
     3267.47        76.35
     3272.47        76.32
     3277.48        76.30
     3282.48        76.28
     3287.48        76.26
     3292.49        76.25
     3297.49        76.27
     3302.49        76.26
     3307.49        76.24
     3312.50        76.21
     3317.50        76.21
     3322.50        76.19
     3327.51        76.19
     3332.51        76.19
     3337.51        76.19
     3342.51        76.16
     3347.52        76.12
     3352.52        76.10
     3357.52        76.09
     3362.53        76.07
     3367.53        76.06
     3372.53        76.07
     3377.53        76.06
     3382.54        76.07
     3387.54        76.02
     3392.54        76.02
     3397.55        75.99
     3402.55        75.96
     3407.55        75.96
     3412.55        75.97
     3417.56        75.95
     3422.56        75.93
     3427.56        75.89
     3432.57        75.90
     3437.57        75.89
     3442.57        75.86
     3447.57        75.85
     3452.58        75.86
     3457.58        75.86
     3462.58        75.83
     3467.58        75.82
     3472.59        75.82
     3477.59        75.81
     3482.59        75.78
     3487.60        75.77
     3492.60        75.76
     3497.60        75.73
     3502.60        75.70
     3507.61        75.68
     3512.61        75.66
     3517.61        75.65
     3519.19        75.64
     3524.20        75.65
     3529.20        75.65
     3534.20        75.64
     3539.21        75.64
     3544.21        75.63
     3549.21        75.61
     3554.21        75.60
     3559.22        75.58
     3564.22        75.57
     3569.22        75.58
     3574.23        75.54
     3579.23        75.52
     3584.23        75.52
     3589.23        75.50
     3594.24        75.48
     3599.24        75.44
     3604.24        75.41
     3609.24        75.43
     3614.25        75.41
     3619.25        75.40
     3624.25        75.40
     3629.26        75.38
     3634.26        75.40
     3639.26        75.40
     3644.26        75.40
     3649.27        75.37
     3654.27        75.33
     3659.27        75.30
     3664.28        75.29
     3669.28        75.26
     3674.28        75.27
     3679.28        75.26
     3684.29        75.27
     3689.29        75.27
     3694.29        75.25
     3699.30        75.22
     3704.30        75.22
     3709.30        75.20
     3714.30        75.20
     3719.31        75.16
     3724.31        75.15
     3729.31        75.17
     3734.32        75.17
     3739.32        75.15
     3744.32        75.12
     3749.32        75.09
     3754.33        75.07
     3759.33        75.06
     3764.33        75.05
     3769.33        75.04
     3774.34        75.03
     3779.34        75.04
     3784.34        75.03
     3789.35        75.03
     3794.35        74.99
     3799.35        74.95
     3804.35        74.93
     3809.36        74.92
     3814.36        74.92
     3819.36        74.91
     3824.37        74.90
     3829.37        74.90
     3834.37        74.88
     3839.37        74.84
     3844.38        74.84
     3849.38        74.83
     3854.38        74.85
     3859.39        74.84
     3864.39        74.83
     3869.39        74.82
     3874.39        74.80
     3879.40        74.78
     3884.40        74.76
     3889.40        74.72
     3894.41        74.70
     3899.41        74.69
     3904.41        74.68
     3909.41        74.68
     3914.42        74.68
     3919.42        74.69
     3924.42        74.72
     3929.42        74.69
     3934.43        74.67
     3939.43        74.63
     3944.43        74.60
     3949.44        74.57
     3954.44        74.56
     3959.44        74.54
     3964.44        74.54
     3969.45        74.54
     3974.45        74.54
     3979.45        74.53
     3984.46        74.54
     3989.46        74.54
     3994.46        74.51
     3999.46        74.50
     4004.47        74.50
     4009.47        74.49
     4014.47        74.46
     4019.48        74.45
     4024.48        74.44
     4029.48        74.42
     4034.48        74.40
     4039.49        74.39
     4044.49        74.36
     4049.49        74.37
     4054.50        74.37
     4059.50        74.37
     4064.50        74.37
     4069.50        74.34
     4074.51        74.36
     4079.51        74.34
     4084.51        74.34
     4089.51        74.31
     4094.52        74.30
     4099.52        74.28
     4104.52        74.28
     4109.53        74.25
     4114.53        74.24
     4119.53        74.23
     4124.53        74.22
     4129.54        74.24
     4134.54        74.23
     4139.54        74.21
     4144.55        74.22
     4149.55        74.20
     4154.55        74.18
     4159.55        74.16
     4164.56        74.15
     4169.56        74.16
     4174.56        74.16
     4179.57        74.14
     4184.57        74.14
     4189.57        74.13
     4194.57        74.10
     4199.58        74.09
     4204.58        74.08
     4209.58        74.07
     4214.59        74.07
     4219.59        74.08
     4224.59        74.08
     4229.59        74.07
     4234.60        74.05
     4239.60        74.03
     4244.60        74.00
     4249.60        73.98
     4254.61        73.97
     4259.61        73.96
     4264.61        73.97
     4269.62        73.98
     4274.62        73.98
     4279.62        73.98
     4284.62        73.96
     4289.63        73.93
     4294.63        73.91
     4299.63        73.89
     4304.64        73.87
     4309.64        73.85
     4314.64        73.84
     4319.64        73.85
     4324.65        73.85
     4329.65        73.85
     4334.65        73.84
     4339.66        73.81
     4344.66        73.80
     4349.66        73.80
     4354.66        73.77
     4359.67        73.77
     4364.67        73.75
     4369.67        73.74
     4374.67        73.72
     4379.68        73.70
     4384.68        73.67
     4389.68        73.67
     4394.69        73.66
     4399.69        73.64
     4404.69        73.66
     4409.69        73.68
     4414.70        73.67
     4419.70        73.65
     4424.70        73.62
     4429.71        73.60
     4434.71        73.58
     4439.71        73.56
     4444.71        73.54
     4449.72        73.52
     4454.72        73.52
     4459.72        73.53
     4464.73        73.55
     4469.73        73.56
     4474.73        73.53
     4479.73        73.50
     4484.74        73.48
     4489.74        73.47
     4494.74        73.46
     4499.75        73.43
     4504.75        73.43
     4509.75        73.42
     4514.75        73.40
     4519.76        73.39
     4524.76        73.40
     4529.76        73.38
     4534.76        73.36
     4539.77        73.36
     4544.77        73.33
     4549.77        73.32
     4554.78        73.32
     4559.78        73.31
     4564.78        73.28
     4569.78        73.28
     4574.79        73.28
     4579.79        73.27
     4584.79        73.24
     4589.80        73.23
     4594.80        73.21
     4599.80        73.21
     4604.80        73.19
     4609.81        73.19
     4614.81        73.19
     4619.81        73.17
     4624.82        73.18
     4629.82        73.16
     4634.82        73.15
     4639.82        73.14
     4644.83        73.13
     4649.83        73.12
     4654.83        73.10
     4659.83        73.07
     4664.84        73.06
     4669.84        73.05
     4674.84        73.05
     4679.85        73.03
     4684.85        73.03
     4689.85        73.01
     4694.85        73.00
     4699.86        72.98
     4700.12        72.98
     4705.12        72.99
     4710.12        72.99
     4715.13        72.99
     4720.13        72.98
     4725.13        72.95
     4730.13        72.93
     4735.14        72.90
     4740.14        72.89
     4745.14        72.88
     4750.14        72.87
     4755.15        72.88
     4760.15        72.87
     4765.15        72.89
     4770.16        72.88
     4775.16        72.88
     4780.16        72.86
     4785.16        72.87
     4790.17        72.85
     4795.17        72.83
     4800.17        72.80
     4805.18        72.77
     4810.18        72.76
     4815.18        72.75
     4820.18        72.76
     4825.19        72.77
     4830.19        72.76
     4835.19        72.75
     4840.20        72.75
     4845.20        72.75
     4850.20        72.71
     4855.20        72.70
     4860.21        72.69
     4865.21        72.69
     4870.21        72.68
     4875.21        72.68
     4880.22        72.66
     4885.22        72.64
     4890.22        72.62
     4895.23        72.62
     4900.23        72.60
     4905.23        72.60
     4910.23        72.60
     4915.24        72.58
     4920.24        72.59
     4925.24        72.57
     4930.25        72.54
     4935.25        72.54
     4940.25        72.54
     4945.25        72.53
     4950.26        72.52
     4955.26        72.49
     4960.26        72.48
     4965.27        72.47
     4970.27        72.47
     4975.27        72.45
     4980.27        72.45
     4985.28        72.44
     4990.28        72.41
     4995.28        72.40
     5000.28        72.38
     5005.29        72.35
     5010.29        72.35
     5015.29        72.36
     5020.30        72.37
     5025.30        72.37
     5030.30        72.34
     5035.30        72.32
     5040.31        72.31
     5045.31        72.30
     5050.31        72.28
     5055.32        72.26
     5060.32        72.25
     5065.32        72.23
     5070.32        72.20
     5075.33        72.20
     5080.33        72.19
     5085.33        72.21
     5090.34        72.21
     5095.34        72.18
     5100.34        72.18
     5105.34        72.14
     5110.35        72.14
     5115.35        72.11
     5120.35        72.11
     5125.35        72.11
     5130.36        72.11
     5135.36        72.09
     5140.36        72.08
     5145.37        72.07
     5150.37        72.05
     5155.37        72.04
     5160.37        72.04
     5165.38        72.02
     5170.38        71.99
     5175.38        71.99
     5180.39        71.99
     5185.39        71.97
     5190.39        71.98
     5195.39        72.00
     5200.40        71.98
     5205.40        71.94
     5210.40        71.89
     5215.40        71.89
     5220.41        71.87
     5225.41        71.87
     5230.41        71.87
     5235.42        71.87
     5240.42        71.87
     5245.42        71.87
     5250.42        71.86
     5255.43        71.84
     5260.43        71.84
     5265.43        71.83
     5270.44        71.80
     5275.44        71.79
     5280.44        71.78
     5285.44        71.78
     5290.45        71.75
     5295.45        71.74
     5300.45        71.72
     5305.46        71.72
     5310.46        71.71
     5315.46        71.72
     5320.46        71.72
     5325.47        71.73
     5330.47        71.71
     5335.47        71.68
     5340.47        71.64
     5345.48        71.62
     5350.48        71.59
     5355.48        71.58
     5360.49        71.58
     5365.49        71.59
     5370.49        71.60
     5375.49        71.59
     5380.50        71.57
     5385.50        71.60
     5390.50        71.58
     5395.51        71.57
     5400.51        71.54
     5405.51        71.49
     5410.51        71.46
     5415.52        71.46
     5420.52        71.45
     5425.52        71.44
     5430.53        71.43
     5435.53        71.42
     5440.53        71.42
     5445.53        71.42
     5450.54        71.40
     5455.54        71.39
     5460.54        71.40
     5465.54        71.37
     5470.55        71.39
     5475.55        71.37
     5480.55        71.32
     5485.56        71.31
     5490.56        71.29
     5495.56        71.27
     5500.56        71.27
     5505.57        71.24
     5510.57        71.23
     5515.57        71.23
     5520.58        71.22
     5525.58        71.23
     5530.58        71.23
     5535.58        71.21
     5540.59        71.20
     5545.59        71.20
     5550.59        71.15
     5555.59        71.13
     5560.60        71.13
     5565.60        71.11
     5570.60        71.12
     5575.61        71.07
     5580.61        71.08
     5585.61        71.08
     5590.61        71.06
     5595.62        71.05
     5600.62        71.03
     5605.62        71.02
     5610.63        71.00
     5615.63        70.99
     5620.63        70.98
     5625.63        70.94
     5630.64        70.93
     5635.64        70.95
     5640.64        70.95
     5645.64        70.94
     5650.65        70.93
     5655.65        70.92
     5660.65        70.89
     5665.66        70.88
     5670.66        70.88
     5675.66        70.84
     5680.66        70.84
     5685.67        70.82
     5690.67        70.80
     5695.67        70.79
     5700.68        70.78
     5705.68        70.75
     5710.68        70.71
     5715.68        70.72
     5720.69        70.73
     5725.69        70.71
     5730.69        70.70
     5735.70        70.70
     5740.70        70.69
     5745.70        70.67
     5750.70        70.64
     5755.71        70.61
     5760.71        70.59
     5765.71        70.59
     5770.71        70.59
     5775.72        70.57
     5780.72        70.55
     5785.72        70.56
     5790.73        70.55
     5795.73        70.54
     5800.73        70.49
     5805.73        70.43
     5810.74        70.44
     5815.74        70.45
     5820.74        70.43
     5825.75        70.42
     5830.75        70.41
     5835.75        70.39
     5840.75        70.41
     5845.76        70.36
     5850.76        70.35
     5855.76        70.31
     5860.76        70.28
     5865.77        70.24
     5870.77        70.21
     5875.77        70.25
     5880.78        70.24
     5885.78        70.28
     5890.78        70.28
     5895.78        70.25
     5900.79        70.25
     5905.79        70.21
     5910.79        70.16
     5915.80        70.15
     5920.80        70.13
     5925.80        70.13
     5930.80        70.14
     5935.81        70.13
     5940.81        70.10
     5945.81        70.07
     5950.81        70.07
     5955.82        70.07
     5960.82        70.05
     5965.82        70.02
     5970.83        70.02
     5975.83        70.03
     5980.83        69.97
     5985.83        69.93
     5990.84        69.95
     5995.84        69.94
     6000.84        69.92
     6005.85        69.91
     6010.85        69.90
     6015.85        69.88
     6020.85        69.86
     6025.86        69.83
     6030.86        69.82
     6035.86        69.80
     6040.87        69.79
     6045.87        69.79
     6050.87        69.77
     6055.87        69.72
     6060.88        69.71
     6065.88        69.65
     6070.88        69.65
     6075.88        69.65
     6080.89        69.64
     6085.89        69.65
     6090.89        69.60
     6095.90        69.60
     6100.90        69.59
     6105.90        69.55
     6110.90        69.57
     6115.91        69.57
     6120.91        69.55
     6125.91        69.51
     6130.92        69.48
     6135.92        69.46
     6140.92        69.45
     6145.92        69.44
     6150.93        69.41
     6155.93        69.40
     6160.93        69.39
     6165.93        69.38
     6170.94        69.35
     6175.86        69.32
     6180.86        69.30
     6185.86        69.31
     6190.87        69.28
     6195.87        69.28
     6200.87        69.29
     6205.88        69.26
     6210.88        69.21
     6215.88        69.20
     6220.88        69.19
     6225.89        69.18
     6230.89        69.09
     6235.89        69.04
     6240.90        68.99
     6245.90        68.96
     6250.90        68.99
     6255.90        69.00
     6260.91        69.00
     6265.91        68.98
     6270.91        68.98
     6275.91        68.94
     6280.92        68.98
     6285.92        68.98
     6290.92        68.92
     6295.93        68.89
     6300.93        68.86
     6305.93        68.83
     6310.93        68.82
     6315.94        68.80
     6320.94        68.76
     6325.94        68.71
     6330.95        68.70
     6335.95        68.68
     6340.95        68.67
     6345.95        68.71
     6350.96        68.68
     6355.96        68.66
     6360.96        68.63
     6365.96        68.60
     6370.97        68.59
     6375.97        68.59
     6380.97        68.58
     6385.98        68.56
     6390.98        68.52
     6395.98        68.52
     6400.98        68.48
     6405.99        68.46
     6410.99        68.44
     6415.99        68.43
     6421.00        68.41
     6426.00        68.39
     6431.00        68.33
     6436.00        68.31
     6441.01        68.27
     6446.01        68.25
     6451.01        68.26
     6456.01        68.26
     6461.02        68.23
     6466.02        68.23
     6471.02        68.21
     6476.03        68.17
     6481.03        68.15
     6486.03        68.11
     6491.03        68.08
     6496.04        68.07
     6501.04        68.06
     6506.04        68.06
     6511.05        68.06
     6516.05        68.02
     6521.05        68.02
     6526.05        67.99
     6531.06        68.01
     6536.06        67.99
     6541.06        67.96
     6546.06        67.90
     6551.07        67.86
     6556.07        67.84
     6561.07        67.82
     6566.08        67.79
     6571.08        67.79
     6576.08        67.80
     6581.08        67.80
     6586.09        67.76
     6591.09        67.72
     6596.09        67.68
     6601.10        67.67
     6606.10        67.62
     6611.10        67.63
     6616.10        67.56
     6621.11        67.55
     6626.11        67.53
     6631.11        67.54
     6636.11        67.52
     6641.12        67.49
     6646.12        67.48
     6651.12        67.47
     6656.13        67.44
     6661.13        67.43
     6666.13        67.37
     6671.13        67.35
     6676.14        67.31
     6681.14        67.27
     6686.14        67.25
     6691.15        67.24
     6696.15        67.20
     6701.15        67.20
     6706.15        67.21
     6711.16        67.20
     6716.16        67.14
     6721.16        67.10
     6726.16        67.05
     6731.17        67.06
     6736.17        67.02
     6741.17        67.01
     6746.18        66.98
     6751.18        66.95
     6756.18        66.92
     6761.18        66.87
     6766.19        66.88
     6771.19        66.87
     6776.19        66.86
     6781.20        66.85
     6786.20        66.83
     6791.20        66.80
     6796.20        66.73
     6801.21        66.71
     6806.21        66.69
     6811.21        66.67
     6816.21        66.66
     6821.22        66.67
     6826.22        66.66
     6831.22        66.65
     6836.23        66.63
     6841.23        66.60
     6846.23        66.56
     6851.23        66.54
     6856.24        66.48
     6861.24        66.44
     6866.24        66.40
     6871.25        66.41
     6876.25        66.37
     6881.25        66.36
     6886.25        66.35
     6891.26        66.36
     6896.26        66.34
     6901.26        66.28
     6906.26        66.24
     6911.27        66.23
     6916.27        66.20
     6921.27        66.16
     6926.28        66.12
     6931.28        66.08
     6936.28        66.04
     6941.28        66.00
     6946.29        66.01
     6951.29        65.99
     6956.29        65.96
     6961.30        65.93
     6966.30        65.92
     6971.30        65.86
     6976.30        65.82
     6981.31        65.79
     6986.31        65.76
     6991.31        65.73
     6996.31        65.69
     7001.32        65.67
     7006.32        65.67
     7011.32        65.64
     7016.33        65.60
     7021.33        65.57
     7026.33        65.52
     7031.33        65.42
     7036.34        65.27
     7041.34        65.20
     7046.34        65.22
     7051.34        65.23
     7056.35        65.33
     7061.35        65.32
     7066.35        65.29
     7071.36        65.28
     7076.36        65.25
     7081.36        65.21
     7086.36        65.20
     7091.37        65.15
     7096.37        65.13
     7101.37        65.11
     7106.38        65.05
     7111.38        65.03
     7116.38        64.98
     7121.38        64.93
     7126.39        64.92
     7131.39        64.89
     7136.39        64.84
     7141.39        64.79
     7146.40        64.78
     7151.40        64.75
     7156.40        64.73
     7161.41        64.69
     7166.41        64.67
     7171.41        64.64
     7176.41        64.62
     7181.42        64.56
     7186.42        64.52
     7191.42        64.52
     7196.43        64.48
     7201.43        64.40
     7206.43        64.37
     7211.43        64.35
     7216.44        64.28
     7221.44        64.25
     7226.44        64.19
     7231.44        64.16
     7236.45        64.11
     7241.45        64.10
     7246.45        64.05
     7251.46        64.01
     7256.46        63.97
     7261.46        63.93
     7266.46        63.89
     7271.47        63.86
     7276.47        63.82
     7281.47        63.79
     7286.48        63.77
     7291.48        63.60
     7296.48        63.43
     7301.48        63.40
     7306.49        63.42
     7311.49        63.60
     7316.49        63.59
     7321.49        63.56
     7326.50        63.51
     7331.50        63.49
     7336.50        63.47
     7341.51        63.41
     7346.51        63.35
     7351.51        63.33
     7356.51        63.29
     7361.52        63.24
     7366.52        63.21
     7371.52        63.17
     7376.52        63.12
     7381.53        63.07
     7386.53        63.03
     7391.53        62.96
     7396.54        62.78
     7401.54        62.68
     7406.54        62.77
     7411.54        62.78
     7416.55        62.69
     7421.55        62.65
     7426.55        62.65
     7431.56        62.62
     7436.56        62.59
     7441.56        62.51
     7446.56        62.47
     7451.57        62.42
     7456.57        62.40
     7461.57        62.34
     7466.57        62.26
     7471.58        62.25
     7476.58        62.20
     7481.58        62.17
     7486.59        62.14
     7491.59        62.08
     7496.59        62.06
     7501.59        61.98
     7506.60        61.96
     7511.60        61.90
     7516.60        61.87
     7521.61        61.83
     7526.61        61.77
     7531.61        61.74
     7536.61        61.68
     7541.62        61.65
     7546.62        61.60
     7551.62        61.57
     7556.62        61.54
     7561.63        61.50
     7566.63        61.43
     7571.63        61.41
     7576.64        61.33
     7581.64        61.26
     7586.64        61.22
     7591.64        61.15
     7596.65        61.09
     7601.65        61.07
     7606.65        61.03
     7611.65        61.04
     7616.66        60.96
     7621.66        60.92
     7626.66        60.87
     7631.67        60.84
     7636.67        60.80
     7641.67        60.76
     7646.67        60.67
     7651.68        60.61
     7656.68        60.54
     7661.68        60.49
     7666.69        60.40
     7671.69        60.36
     7676.69        60.28
     7681.69        60.22
     7686.70        60.21
     7691.70        60.16
     7696.70        60.06
     7701.70        59.99
     7706.71        59.96
     7711.71        59.92
     7716.71        59.86
     7721.72        59.77
     7726.72        59.74
     7731.72        59.70
     7736.72        59.66
     7741.73        59.57
     7746.73        59.51
     7751.73        59.50
     7756.73        59.47
     7761.74        59.42
     7766.74        59.37
     7771.74        59.39
     7776.75        59.33
     7781.75        59.17
     7786.75        59.16
     7791.75        59.09
     7796.44        59.01
     7801.44        58.98
     7806.44        58.94
     7811.45        58.92
     7816.45        58.86
     7821.45        58.86
     7826.46        58.82
     7831.46        58.79
     7836.46        58.75
     7841.46        58.68
     7846.47        58.64
     7851.47        58.59
     7856.47        58.54
     7861.48        58.39
     7866.48        58.35
     7871.48        58.31
     7876.48        58.25
     7881.49        58.21
     7886.49        58.17
     7891.49        58.13
     7896.49        58.04
     7901.50        58.00
     7906.50        57.96
     7911.50        57.91
     7916.51        57.85
     7921.51        57.77
     7926.51        57.72
     7931.51        57.67
     7936.52        57.59
     7941.52        57.51
     7946.52        57.48
     7951.52        57.42
     7956.53        57.37
     7961.53        57.36
     7966.53        57.34
     7971.54        57.31
     7976.54        57.26
     7981.54        57.21
     7986.54        57.15
     7991.55        57.14
     7996.55        57.01
     8001.55        56.97
     8006.56        56.85
     8011.56        56.80
     8016.56        56.75
     8021.56        56.72
     8026.57        56.64
     8031.57        56.56
     8036.57        56.52
     8041.57        56.41
     8046.58        56.40
     8051.58        56.37
     8056.58        56.31
     8061.59        56.34
     8066.59        56.22
     8071.59        56.11
     8076.59        56.00
     8081.60        55.93
     8086.60        55.82
     8091.60        55.75
     8096.60        55.67
     8101.61        55.65
     8106.61        55.56
     8111.61        55.50
     8116.62        55.49
     8121.62        55.41
     8126.62        55.35
     8131.62        55.25
     8136.63        55.22
     8141.63        55.15
     8146.63        54.99
     8151.64        54.93
     8156.64        54.86
     8161.64        54.83
     8166.64        54.75
     8171.65        54.69
     8176.65        54.59
     8181.65        54.53
     8186.65        54.44
     8191.66        54.34
     8196.66        54.27
     8201.66        54.17
     8206.67        54.15
     8211.67        54.08
     8216.67        54.03
     8221.67        53.94
     8226.68        53.85
     8231.68        53.77
     8236.68        53.69
     8241.68        53.55
     8246.69        53.43
     8251.69        53.32
     8256.69        53.25
     8261.70        53.15
     8266.70        53.06
     8271.70        52.95
     8276.70        52.86
     8281.71        52.79
     8286.71        52.68
     8291.71        52.59
     8296.71        52.44
     8301.72        52.36
     8306.72        52.26
     8311.72        52.21
     8316.73        52.17
     8321.73        52.14
     8326.73        52.14
     8331.73        52.15
     8336.74        52.14
     8341.74        51.93
     8346.74        51.49
     8351.75        51.43
     8356.75        51.38
     8361.75        51.51
     8366.75        51.62
     8371.76        51.77
     8376.76        51.88
     8381.76        52.08
     8386.76        52.03
     8391.77        51.96
     8396.77        51.81
     8401.77        51.70
     8406.78        51.59
     8411.78        51.54
     8416.78        51.43
     8421.78        51.37
     8426.79        51.31
     8431.79        51.32
     8436.79        51.25
     8441.79        51.20
     8446.80        51.18
     8451.80        51.16
     8456.80        51.04
     8461.81        51.05
     8466.81        51.10
     8471.81        51.09
     8476.81        50.99
     8481.82        51.03
     8486.82        51.08
     8491.82        51.23
     8496.82        51.19
     8501.83        51.25
     8506.83        51.24
     8511.83        51.24
     8516.84        51.64
     8521.84        51.84
     8526.84        52.02
     8531.84        52.44
     8536.85        53.64
     8541.85        53.54
     8546.85        53.61
     8551.86        53.68
     8556.86        53.98
     8561.86        54.23
     8566.86        54.27
     8571.87        54.50
     8576.87        54.44
     8581.87        54.42
     8586.87        54.19
     8591.88        54.23
     8596.88        54.16
     8601.88        54.24
     8606.89        54.72
     8611.89        54.93
     8616.89        55.42
     8621.89        54.80
     8626.90        54.74
     8631.90        54.69
     8636.90        54.60
     8641.90        54.63
     8646.91        55.00
     8651.91        54.81
     8656.91        55.05
     8661.92        54.94
     8666.92        54.53
     8671.92        54.47
     8676.92        54.51
     8681.93        54.65
     8686.93        55.23
     8691.93        55.66
     8696.93        55.15
     8701.94        54.57
     8706.94        53.72
     8711.94        53.39
     8716.95        53.09
     8721.95        52.91
     8726.95        52.64
     8731.95        52.34
     8736.96        52.29
     8741.96        52.35
     8746.96        52.24
     8751.97        52.33
     8756.97        52.61
     8761.97        53.25
     8766.97        52.81
     8771.98        52.93
     8776.98        52.62
     8781.98        52.68
     8786.98        52.61
     8791.99        52.49
     8796.99        52.45
     8801.99        52.49
     8807.00        52.44
     8812.00        52.46
     8817.00        52.49
     8822.00        52.35
     8827.01        52.43
     8832.01        52.46
     8837.01        52.83
     8842.01        52.87
     8847.02        52.47
     8852.02        52.19
     8857.02        52.62
     8862.03        52.35
     8867.03        51.98
     8872.03        51.87
     8877.03        51.99
     8882.04        51.99
     8887.04        51.82
     8892.04        51.82
     8897.04        51.80
     8902.05        51.87
     8907.05        51.93
     8912.05        52.02
     8917.06        52.01
     8922.06        52.00
     8927.06        52.15
     8932.06        52.13
     8937.07        52.32
     8942.07        52.18
     8947.07        52.11
     8952.07        52.19
     8957.08        52.19
     8962.08        52.24
     8967.08        52.20
     8972.09        52.21
     8977.09        52.34
     8982.09        52.43
     8987.09        52.36
     8992.10        52.32
     8997.10        52.43
     9002.10        52.41
     9007.11        52.36
     9012.11        52.33
     9017.11        52.08
     9022.11        52.31
     9027.12        52.06
     9032.12        52.23
     9037.12        52.27
     9042.12        53.25
     9047.13        53.28
     9052.13        53.14
     9057.13        53.11
     9062.14        53.97
     9067.14        53.96
     9072.14        54.06
     9077.14        52.72
     9082.15        52.45
     9087.15        52.37
     9092.15        52.45
     9097.15        52.78
     9102.16        52.91
     9107.16        52.95
     9112.16        52.48
     9117.17        52.50
     9122.17        52.36
     9127.17        52.46
     9132.17        52.48
     9137.18        52.41
     9142.18        52.29
     9147.18        52.27
     9152.18        52.29
     9157.19        52.31
     9162.19        52.28
     9167.19        52.48
     9172.20        52.65
     9177.20        52.65
     9182.20        53.19
     9187.20        53.90
     9192.21        54.08
     9197.21        53.74
     9202.21        52.96
     9207.21        52.20
     9212.22        51.73
     9217.22        51.17
     9222.22        51.12
     9227.23        50.93
     9232.23        51.05
     9237.23        51.98
     9242.23        50.51
     9247.24        50.58
     9252.24        50.67
     9257.24        50.94
     9262.24        50.33
     9267.25        49.89
     9272.25        49.57
     9277.25        49.39
     9282.26        49.21
     9287.26        49.17
     9292.26        49.30
     9297.26        49.36
     9302.27        49.06
     9307.27        49.22
     9312.27        49.21
     9317.27        49.10
     9322.28        49.16
     9327.28        48.79
     9332.28        48.74
     9337.29        48.78
     9342.29        48.89
     9347.29        48.85
     9352.29        49.16
     9357.30        48.80
     9362.30        48.86
     9367.30        48.95
     9372.31        49.43
     9377.31        49.21
     9382.31        49.00
     9387.31        48.67
     9392.32        48.63
     9397.32        48.51
     9402.32        48.64
     9407.32        48.68
     9412.33        48.45
     9417.33        48.58
     9422.33        48.54
     9427.34        48.87
     9432.34        48.62
     9437.34        48.65
     9442.34        48.75
     9447.35        48.88
     9452.35        49.01
     9457.35        49.21
     9462.35        49.14
     9467.36        49.15
     9472.36        49.41
     9477.36        49.50
     9482.37        49.50
     9487.37        49.62
     9492.37        49.73
     9497.37        49.81
     9502.38        49.92
     9507.38        49.96
     9512.38        50.01
     9517.38        50.04
     9522.39        50.13
     9527.39        50.30
     9532.39        50.37
     9537.40        50.42
     9542.40        50.43
     9547.40        50.32
     9552.40        50.33
     9557.41        50.38
     9562.41        50.41
     9567.41        50.47
     9572.41        50.48
     9577.42        50.79
     9582.42        50.93
     9587.42        50.79
     9592.43        50.73
     9597.43        50.79
     9602.43        50.68
     9607.43        50.71
     9612.44        50.56
     9617.44        50.34
     9622.44        50.27
     9627.44        50.34
     9632.45        50.33
     9637.45        51.55
     9642.45        51.30
     9647.46        51.36
     9652.46        51.67
     9657.46        51.72
     9662.46        51.93
     9667.47        51.97
     9672.47        51.86
     9677.47        51.64
     9682.47        51.57
     9687.48        51.34
     9692.48        51.26
     9697.48        51.24
     9702.49        51.29
     9707.49        51.21
     9712.49        51.44
     9717.49        51.01
     9722.50        50.86
     9727.50        50.90
     9732.50        51.01
     9737.50        51.06
     9742.51        50.98
     9747.51        50.97
     9752.51        50.99
     9757.52        50.88
     9762.52        50.94
     9767.52        51.01
     9772.52        51.47
     9777.53        51.70
     9782.53        51.84
     9787.53        51.81
     9792.53        51.51
     9797.54        51.22
     9802.54        51.07
     9807.54        51.00
     9812.55        51.18
     9817.55        51.62
     9822.55        51.48
     9827.55        51.62
     9832.56        51.39
     9837.56        50.83
     9842.56        50.63
     9847.56        50.18
     9852.57        50.16
     9857.57        50.07
     9862.57        50.28
     9867.58        50.11
     9872.58        50.03
     9877.58        49.23
     9882.58        48.59
     9887.59        48.33
     9892.59        48.20
     9897.59        48.07
     9902.59        47.88
     9907.60        47.57
     9912.60        47.44
     9917.60        47.32
     9922.61        47.28
     9927.61        47.18
     9932.61        47.01
     9937.61        47.18
     9942.62        47.20
     9947.62        47.23
     9952.62        47.24
     9957.62        47.21
     9962.63        47.23
     9967.63        47.20
     9972.63        47.40
     9977.64        47.62
     9982.64        47.80
     9987.64        47.91
     9992.64        47.39
     9997.65        47.56
    10002.65        46.81
    10007.65        46.72
    10012.65        46.54
    10017.66        46.34
    10022.66        46.15
    10027.66        45.83
    10032.67        45.68
    10037.67        45.46
    10042.67        45.21
    10047.67        45.32
    10052.68        45.44
    10057.68        45.56
    10062.68        45.63
    10067.68        45.72
    10072.69        45.81
    10077.69        45.88
    10082.69        45.87
    10087.70        46.00
    10092.70        46.10
    10097.70        46.14
    10102.70        46.17
    10107.71        46.19
    10112.71        46.26
    10113.16        46.23
    10118.17        46.22
    10123.17        46.28
    10128.17        46.31
    10133.17        46.27
    10138.18        46.26
    10143.18        46.25
    10148.18        46.19
    10153.18        46.18
    10158.19        46.18
    10163.19        46.19
    10168.19        46.25
    10173.20        46.32
    10178.20        46.42
    10183.20        46.53
    10188.20        46.55
    10193.21        46.75
    10198.21        46.88
    10203.21        47.21
    10208.21        47.28
    10213.22        47.27
    10218.22        47.39
    10223.22        47.40
    10228.23        47.29
    10233.23        47.35
    10238.23        47.45
    10243.23        47.64
    10248.24        47.77
    10253.24        47.87
    10258.24        48.03
    10263.24        48.21
    10268.25        48.38
    10273.25        48.51
    10278.25        48.65
    10283.26        48.88
    10288.26        49.02
    10293.26        49.20
    10298.26        49.07
    10303.27        48.61
    10308.27        48.49
    10313.27        48.12
    10318.27        47.85
    10323.28        47.82
    10328.28        47.83
    10333.28        47.77
    10338.29        47.89
    10343.29        47.82
    10348.29        47.87
    10353.29        47.99
    10358.30        48.50
    10363.30        49.31
    10368.30        49.23
    10373.30        49.20
    10378.31        49.01
    10383.31        49.04
    10388.31        48.68
    10393.32        48.45
    10398.32        48.33
    10403.32        48.37
    10408.32        48.09
    10413.33        48.04
    10418.33        48.09
    10423.33        48.11
    10428.33        48.10
    10433.34        48.14
    10438.34        48.08
    10443.34        47.82
    10448.35        47.59
    10453.35        47.61
    10458.35        47.52
    10463.35        47.37
    10468.36        47.31
    10473.36        47.04
    10478.36        47.00
    10483.36        46.98
    10488.37        47.07
    10493.37        47.20
    10498.37        47.25
    10503.37        47.34
    10508.38        47.44
    10513.38        47.53
    10518.38        47.59
    10523.39        47.36
    10528.39        47.16
    10533.39        47.05
    10538.39        46.98
    10543.40        46.93
    10548.40        46.77
    10553.40        46.71
    10558.40        46.66
    10563.41        46.57
    10568.41        46.52
    10573.41        46.13
    10578.42        46.07
    10583.42        45.67
    10588.42        45.55
    10593.42        45.55
    10598.43        45.53
    10603.43        45.51
    10608.43        45.50
    10613.43        45.41
    10618.44        45.35
    10623.44        45.36
    10628.44        46.14
    10633.45        45.98
    10638.45        45.63
    10643.45        45.45
    10648.45        45.42
    10653.46        45.44
    10658.46        45.49
    10663.46        45.50
    10668.46        45.56
    10673.47        45.62
    10678.47        45.67
    10683.47        45.70
    10688.48        45.83
    10693.48        45.91
    10698.48        46.03
    10703.48        46.13
    10708.49        46.95
    10713.49        46.89
    10718.49        46.61
    10723.49        46.46
    10728.50        46.64
    10733.50        46.53
    10738.50        46.31
    10743.51        46.33
    10748.51        46.29
    10753.51        46.33
    10758.51        46.31
    10763.52        46.25
    10768.52        46.19
    10773.52        46.13
    10778.52        46.13
    10783.53        46.12
    10788.53        46.09
    10793.53        46.02
    10798.54        45.92
    10803.54        45.82
    10808.54        45.75
    10813.54        45.68
    10818.55        45.66
    10823.55        45.56
    10828.55        45.47
    10833.55        45.37
    10838.56        45.36
    10843.56        45.43
    10848.56        45.35
    10853.57        45.25
    10858.57        44.88
    10863.57        44.91
    10868.57        44.97
    10873.58        45.86
    10878.58        45.31
    10883.58        45.19
    10888.58        45.47
    10893.59        45.41
    10898.59        45.31
    10903.59        45.36
    10908.60        45.54
    10913.60        45.45
    10918.60        45.60
    10923.60        45.91
    10928.61        45.60
    10933.61        45.74
    10938.61        46.12
    10943.61        45.67
    10948.62        45.64
    10953.62        45.40
    10958.62        45.50
    10963.63        45.59
    10968.63        45.67
    10973.63        45.72
    10978.63        45.70
    10983.64        45.77
    10988.64        45.82
    10993.64        45.88
    10998.64        45.91
    11003.65        45.97
    11008.65        46.00
    11013.65        45.94
    11018.65        45.78
    11023.66        45.81
    11028.66        45.81
    11033.66        45.91
    11038.67        45.92
    11043.67        46.06
    11048.67        46.14
    11053.67        46.19
    11058.68        46.09
    11063.68        46.10
    11068.68        46.03
    11073.68        46.05
    11078.69        46.10
    11083.69        46.10
    11088.69        46.08
    11093.70        45.96
    11098.70        45.95
    11103.70        45.91
    11108.70        45.80
    11113.71        45.83
    11118.71        45.87
    11123.71        45.92
    11128.71        45.97
    11133.72        45.96
    11138.72        45.84
    11143.72        45.63
    11148.73        45.59
    11153.73        45.58
    11158.73        45.47
    11163.73        45.45
    11168.74        45.42
    11173.74        45.35
    11178.74        45.42
    11183.74        45.46
    11188.75        45.39
    11193.75        45.35
    11198.75        45.33
    11203.76        45.30
    11208.76        45.26
    11213.76        45.20
    11218.76        45.23
    11223.77        45.18
    11228.77        45.18
    11233.77        45.14
    11238.77        45.13
    11243.78        45.28
    11248.78        45.45
    11253.78        45.42
    11258.79        45.20
    11263.79        45.04
    11268.79        44.99
    11273.79        45.03
    11278.80        45.01
    11283.80        45.02
    11288.80        44.79
    11293.80        44.75
    11298.81        44.51
    11303.81        44.32
    11308.81        44.24
    11313.82        44.08
    11318.82        44.15
    11323.82        43.99
    11328.82        44.11
    11333.83        43.86
    11338.83        43.71
    11343.83        43.63
    11348.83        43.71
    11353.84        43.43
    11358.84        43.27
    11363.84        43.21
    11368.84        43.19
    11373.85        43.20
    11378.85        43.19
    11383.85        43.34
    11388.86        43.40
    11393.86        43.60
    11398.86        43.81
    11403.86        43.23
    11408.87        43.34
    11413.87        43.24
    11418.87        43.09
    11423.87        43.12
    11428.88        43.11
    11433.88        43.41
    11438.88        43.59
    11443.89        43.14
    11448.89        42.59
    11453.89        42.45
    11458.89        42.31
    11463.90        42.21
    11468.90        42.16
    11473.90        42.09
    11478.90        42.02
    11483.91        41.80
    11488.91        41.69
    11493.91        41.77
    11498.92        41.72
    11503.92        41.75
    11508.92        41.72
    11513.92        41.76
    11518.93        41.89
    11523.93        41.98
    11528.93        42.02
    11533.93        42.05
    11538.94        42.08
    11543.94        42.20
    11548.94        42.70
    11553.95        43.15
    11558.95        42.09
    11563.95        42.01
    11568.95        42.55
    11573.96        42.84
    11578.96        42.68
    11583.96        42.63
    11588.96        42.69
    11593.97        42.11
    11598.97        42.17
    11603.97        42.15
    11608.97        42.01
    11613.98        41.70
    11618.98        41.61
    11623.98        41.70
    11628.99        41.90
    11633.99        41.94
    11638.99        41.97
    11643.99        41.76
    11649.00        41.64
    11654.00        41.64
    11659.00        41.62
    11664.00        41.68
    11669.01        41.75
    11674.01        42.22
    11679.01        42.01
    11684.02        42.50
    11689.02        42.64
    11694.02        42.23
    11699.02        41.76
    11704.03        41.69
    11709.03        41.80
    11714.03        41.91
    11719.03        41.75
    11724.04        41.69
    11729.04        41.80
    11734.04        41.89
    11739.05        41.88
    11744.05        41.84
    11749.05        41.75
    11754.05        41.73
    11759.06        41.83
    11764.06        41.85
    11769.06        41.90
    11774.06        41.96
    11779.07        41.98
    11784.07        41.71
    11789.07        41.59
    11794.07        41.66
    11799.08        41.71
    11804.08        41.68
    11809.08        41.69
    11814.09        41.59
    11819.09        41.38
    11824.09        41.32
    11829.09        41.11
    11834.10        40.87
    11839.10        40.65
    11844.10        40.57
    11849.10        40.42
    11854.11        40.04
    11859.11        39.86
    11864.11        39.82
    11869.12        39.78
    11874.12        39.75
    11879.12        39.83
    11884.12        39.88
    11889.13        39.95
    11894.13        40.05
    11899.13        40.11
    11904.13        40.13
    11909.14        40.10
    11914.14        40.09
    11919.14        40.13
    11924.15        40.10
    11929.15        40.14
    11934.15        40.33
    11939.15        40.37
    11944.16        40.15
    11949.16        40.03
    11954.16        40.17
    11959.16        39.95
    11964.17        39.86
    11969.17        39.83
    11974.17        39.78
    11979.17        39.75
    11984.18        39.82
    11989.18        39.93
    11994.18        40.02
    11999.19        39.88
    12004.19        40.00
    12009.19        40.09
    12014.19        40.16
    12016.19        40.29
    12021.19        40.07
    12026.19        39.96
    12031.20        39.89
    12036.20        40.14
    12041.20        39.91
    12046.20        39.88
    12051.21        39.98
    12056.21        39.92
    12061.21        39.63
    12066.21        39.65
    12071.22        39.61
    12076.22        39.69
    12081.22        39.55
    12086.23        39.54
    12091.23        39.57
    12096.23        39.67
    12101.23        39.71
    12106.24        39.84
    12111.24        39.84
    12116.24        39.79
    12121.24        39.80
    12126.25        39.76
    12131.25        39.69
    12136.25        39.56
    12141.26        39.47
    12146.26        39.39
    12151.26        39.27
    12156.26        39.34
    12161.27        39.37
    12166.27        39.42
    12171.27        39.35
    12176.27        39.31
    12181.28        39.33
    12186.28        39.34
    12191.28        39.56
    12196.29        39.66
    12201.29        39.55
    12206.29        39.38
    12211.29        39.29
    12216.30        39.26
    12221.30        39.29
    12226.30        39.31
    12231.30        39.47
    12236.31        39.27
    12241.31        38.43
    12246.31        38.29
    12251.31        38.32
    12256.32        38.45
    12261.32        38.38
    12266.32        38.50
    12271.33        38.54
    12276.33        38.72
    12281.33        38.75
    12286.33        38.79
    12291.34        38.80
    12296.34        38.75
    12301.34        38.67
    12306.34        38.64
    12311.35        38.55
    12316.35        38.54
    12321.35        38.45
    12326.36        38.40
    12331.36        38.35
    12336.36        38.39
    12341.36        38.40
    12346.37        38.23
    12351.37        38.38
    12356.37        38.19
    12361.37        37.74
    12366.38        37.64
    12371.38        37.61
    12376.38        37.77
    12381.38        37.86
    12386.39        38.07
    12391.39        38.16
    12396.39        38.27
    12401.40        38.31
    12406.40        38.18
    12411.40        38.00
    12416.40        37.90
    12421.41        37.74
    12426.41        37.77
    12431.41        37.78
    12436.41        37.75
    12441.42        37.79
    12446.42        37.86
    12451.42        37.97
    12456.43        37.90
    12461.43        37.88
    12466.43        37.64
    12471.43        37.40
    12476.44        37.27
    12481.44        37.13
    12486.44        36.92
    12491.44        36.97
    12496.45        37.05
    12501.45        37.12
    12506.45        37.22
    12511.45        37.26
    12516.46        37.29
    12521.46        37.30
    12526.46        37.11
    12531.47        37.07
    12536.47        37.03
    12541.47        37.02
    12546.47        37.04
    12551.48        36.88
    12556.48        36.83
    12561.48        36.76
    12566.48        36.75
    12571.49        36.72
    12576.49        36.66
    12581.49        36.44
    12586.50        36.36
    12591.50        36.31
    12596.50        36.25
    12601.50        36.31
    12606.51        36.27
    12611.51        36.25
    12616.51        36.18
    12621.51        36.20
    12626.52        36.09
    12631.52        36.10
    12636.52        36.02
    12641.52        35.96
    12646.53        35.91
    12651.53        35.84
    12656.53        35.79
    12661.54        35.80
    12666.54        35.81
    12671.54        35.70
    12676.54        35.61
    12681.55        35.63
    12686.55        35.57
    12691.55        35.62
    12696.55        35.57
    12701.56        35.46
    12706.56        35.43
    12711.56        35.39
    12716.57        35.41
    12721.57        35.30
    12726.57        35.35
    12731.57        35.39
    12736.58        35.33
    12741.58        35.25
    12746.58        35.22
    12751.58        35.21
    12756.59        35.19
    12761.59        35.19
    12766.59        35.12
    12771.59        35.14
    12776.60        35.13
    12781.60        35.14
    12786.60        35.14
    12791.61        35.05
    12796.61        35.00
    12801.61        34.95
    12806.61        34.95
    12811.62        34.89
    12816.62        34.86
    12821.62        34.78
    12826.62        34.77
    12831.63        34.64
    12836.63        34.55
    12841.63        34.54
    12846.64        34.48
    12851.64        34.45
    12856.64        34.44
    12861.64        34.41
    12866.65        34.42
    12871.65        34.40
    12876.65        34.45
    12881.65        34.43
    12886.66        34.41
    12891.66        34.41
    12896.66        34.36
    12901.66        34.31
    12906.67        34.18
    12911.67        34.15
    12916.67        34.12
    12921.68        34.10
    12926.68        34.08
    12931.68        34.01
    12936.68        33.98
    12941.69        33.92
    12946.69        33.85
    12951.69        33.80
    12956.69        33.75
    12961.70        33.71
    12966.70        33.67
    12971.70        33.68
    12976.71        33.64
    12981.71        33.56
    12986.71        33.49
    12991.71        33.46
    12996.72        33.46
    13001.72        33.44
    13006.72        33.33
    13011.72        33.22
    13016.73        33.10
    13021.73        33.02
    13026.73        32.89
    13031.73        32.72
    13036.74        32.56
    13041.74        32.47
    13046.74        32.39
    13051.75        32.33
    13056.75        32.25
    13061.75        32.18
    13066.75        32.09
    13071.76        32.07
    13076.76        32.00
    13081.76        31.96
    13086.76        31.90
    13091.77        31.96
    13096.77        31.96
    13101.77        31.98
    13106.78        31.94
    13111.78        31.85
    13116.78        31.86
    13121.78        31.94
    13126.79        31.81
    13131.79        31.71
    13136.79        31.64
    13141.79        31.65
    13146.80        31.64
    13151.80        31.67
    13156.80        31.66
    13161.80        31.69
    13166.81        31.70
    13171.81        31.60
    13176.81        31.55
    13181.82        31.58
    13186.82        31.58
    13191.82        31.54
    13196.82        31.48
    13201.83        31.42
    13206.83        31.41
    13211.83        31.40
    13216.83        31.43
    13221.84        31.36
    13226.84        31.32
    13231.84        31.32
    13236.84        31.32
    13241.85        31.30
    13246.85        31.25
    13251.85        31.30
    13256.86        31.32
    13261.86        31.26
    13266.86        31.24
    13271.86        31.25
    13276.87        31.18
    13281.87        31.23
    13286.87        31.20
    13291.87        31.27
    13296.88        31.14
    13301.88        31.05
    13306.88        31.04
    13321.89        30.61
    13326.89        30.60
    13331.90        30.57
    13336.90        30.50
    13341.90        30.30
    13346.90        30.27
    13351.91        30.12
    13356.91        29.99
    13361.91        29.91
    13366.91        29.86
    13371.92        29.81
    13376.92        29.75
    13381.92        29.73
    13386.93        29.80
    13391.93        29.89
    13396.93        29.88
    13401.93        29.86
    13406.94        29.81
    13411.94        29.88
    13416.94        29.87
    13421.94        29.76
    13426.95        29.72
    13431.95        29.70
    13436.95        29.74
    13441.95        29.81
    13446.96        29.81
    13451.96        29.87
    13456.96        29.87
    13461.97        29.88
    13466.97        29.83
    13471.97        29.83
    13476.97        29.80
    13481.98        29.81
    13486.98        29.85
    13491.98        29.82
    13496.98        29.92
    13501.99        29.92
    13506.99        29.89
    13511.99        29.94
    13517.00        29.95
    13522.00        29.93
    13527.00        29.98
    13532.00        29.98
    13537.01        30.02
    13542.01        30.11
    13547.01        30.10
    13552.01        30.09
    13557.02        30.09
    13562.02        30.15
    13567.02        30.09
    13572.02        30.08
    13577.03        30.11
    13582.03        30.12
    13587.03        30.10
    13592.04        30.08
    13597.04        30.06
    13602.04        30.07
    13607.04        30.06
    13612.05        30.02
    13617.05        29.99
    13621.26        29.96
    13626.26        29.91
    13631.27        29.91
    13636.27        29.86
    13641.27        29.87
    13646.27        29.85
    13651.28        29.82
    13656.28        29.81
    13661.28        29.81
    13666.28        29.82
    13671.29        29.79
    13676.29        29.81
    13681.29        29.80
    13686.29        29.78
    13691.30        29.78
    13696.30        29.81
    13701.30        29.87
    13706.31        29.90
    13711.31        29.91
    13716.31        29.97
    13721.31        29.99
    13726.32        30.03
    13731.32        30.02
    13736.32        30.03
    13741.32        30.03
    13746.33        30.00
    13751.33        29.99
    13756.33        29.98
    13761.34        29.99
    13766.34        30.01
    13771.34        29.99
    13776.34        30.01
    13781.35        30.04
    13786.35        30.07
    13791.35        30.12
    13796.35        30.19
    13801.36        30.17
    13806.36        30.19
    13811.36        30.20
    13816.36        30.17
    13821.37        30.21
    13826.37        30.20
    13831.37        30.21
    13836.38        30.26
    13841.38        30.27
    13846.38        30.38
    13851.38        30.48
    13856.39        30.55
    13861.39        30.63
    13866.39        30.55
    13871.39        30.47
    13876.40        30.41
    13881.40        30.38
    13886.40        30.32
    13891.40        30.33
    13896.41        30.35
    13901.41        30.40
    13906.41        30.48
    13911.42        30.43
    13916.42        30.36
    13921.42        30.34
    13926.42        30.37
    13931.43        30.43
    13936.43        30.46
    13941.43        30.53
    13946.43        30.58
    13951.44        30.59
    13956.44        30.60
    13961.44        30.66
    13966.44        30.70
    13971.45        30.79
    13976.45        30.79
    13981.45        30.74
    13986.46        30.69
    13991.46        30.63
    13996.46        30.63
    14001.46        30.56
    14006.47        30.53
    14011.47        30.41
    14016.47        30.47
    14021.47        30.55
    14026.48        30.55
    14031.48        30.50
    14036.48        30.51
    14041.48        30.57
    14046.49        30.62
    14051.49        30.63
    14056.49        30.59
    14061.50        30.52
    14066.50        30.39
    14071.50        30.33
    14076.50        30.30
    14081.51        30.24
    14086.51        30.26
    14091.51        30.24
    14096.51        30.20
    14101.52        30.17
    14106.52        30.09
    14111.52        30.08
    14116.53        30.02
    14121.53        30.01
    14126.53        29.99
    14131.53        29.95
    14136.54        29.99
    14141.54        29.99
    14146.54        29.96
    14151.54        29.95
    14156.55        29.91
    14161.55        29.92
    14166.55        29.96
    14171.55        29.97
    14176.56        29.96
    14181.56        29.93
    14186.56        29.78
    14191.57        29.78
    14196.57        29.75
    14201.57        29.61
    14206.57        29.58
    14211.58        29.53
    14216.58        29.45
    14221.58        29.49
    14226.58        29.53
    14231.59        29.64
    14236.59        29.72
    14241.59        29.72
    14246.59        29.62
    14251.60        29.52
    14256.60        29.48
    14261.60        29.39
    14266.61        29.21
    14271.61        29.16
    14276.61        29.09
    14281.61        29.15
    14286.62        29.17
    14291.62        29.12
    14296.62        29.13
    14301.62        29.18
    14306.63        29.25
    14311.63        29.27
    14316.63        29.19
    14321.63        29.20
    14326.64        29.25
    14331.64        29.19
    14336.64        29.20
    14341.65        29.29
    14346.65        29.32
    14351.65        29.35
    14356.65        29.36
    14361.66        29.37
    14366.66        29.37
    14371.66        29.36
    14376.66        29.38
    14381.67        29.35
    14386.67        29.42
    14391.67        29.34
    14396.67        29.39
    14401.68        29.42
    14406.68        29.45
    14411.68        29.55
    14416.69        29.54
    14421.69        29.50
    14426.69        29.52
    14431.69        29.49
    14436.70        29.56
    14441.70        29.68
    14446.70        29.71
    14451.70        29.74
    14456.71        29.77
    14461.71        29.78
    14466.71        29.73
    14471.71        29.88
    14476.72        29.85
    14481.72        29.84
    14486.72        29.76
    14491.73        29.81
    14496.73        29.80
    14501.73        29.83
    14506.73        29.82
    14511.74        29.78
    14516.74        29.70
    14521.74        29.78
    14526.74        29.76
    14531.75        29.75
    14536.75        29.73
    14541.75        29.65
    14546.75        29.70
    14551.76        29.75
    14556.76        29.80
    14561.76        29.77
    14566.77        29.73
    14571.77        29.73
    14576.77        29.72
    14581.77        29.70
    14586.78        29.69
    14591.78        29.59
    14596.78        29.56
    14601.78        29.56
    14606.79        29.45
    14611.79        29.39
    14616.79        29.35
    14621.79        29.36
    14626.80        29.36
    14631.80        29.54
    14636.80        29.50
    14641.81        29.47
    14646.81        29.43
    14651.81        29.35
    14656.81        29.27
    14661.82        29.28
    14666.82        29.29
    14671.82        29.18
    14676.82        29.16
    14681.83        29.07
    14686.83        29.03
    14691.83        29.02
    14696.83        28.94
    14701.84        28.99
    14706.84        29.05
    14711.84        29.17
    14716.85        29.25
    14721.85        29.39
    14726.85        29.54
    14731.85        29.71
    14736.86        29.87
    14741.86        29.98
    14746.86        30.15
    14751.86        30.26
    14756.87        30.35
    14761.87        30.42
    14766.87        30.47
    14771.87        30.53
    14776.88        30.52
    14781.88        30.48
    14786.88        30.45
    14791.89        30.40
    14796.89        30.34
    14801.89        30.32
    14806.89        30.28
    14811.90        30.25
    14816.90        30.27
    14821.90        30.27
    14826.90        30.21
    14831.91        30.28
    14836.91        30.26
    14841.91        30.22
    14846.91        30.19
    14851.92        30.22
    14856.92        30.21
    14861.92        30.16
    14866.93        30.15
    14871.93        30.16
    14876.93        30.08
    14881.93        30.02
    14886.94        30.02
    14891.94        29.96
    14896.94        29.94
    14901.94        29.87
    14906.95        29.81
    14911.95        29.71
    14916.95        29.71
    14921.95        29.62
    14926.96        29.59
    14931.96        29.56
    14936.96        29.50
    14941.97        29.46
    14946.97        29.31
    14951.97        29.32
    14956.97        29.29
    14961.98        29.24
    14966.98        29.17
    14971.98        29.17
    14976.98        29.11
    14981.99        29.03
    14986.99        29.08
    14991.99        29.11
    14996.99        29.07
    15002.00        29.05
    15007.00        29.11
    15012.00        29.15
    15017.00        29.12
    15022.01        29.20
    15027.01        29.12
    15032.01        29.13
    15037.02        29.06
    15042.02        29.09
    15047.02        28.99
    15052.02        28.87
    15057.03        28.75
    15062.03        28.63
    15067.03        28.53
    15072.03        28.48
    15077.04        28.48
    15082.04        28.45
    15087.04        28.40
    15092.04        28.45
    15097.05        28.46
    15102.05        28.42
    15107.05        28.43
    15112.06        28.30
    15117.06        28.17
    15122.06        28.15
    15127.06        28.13
    15132.07        28.14
    15137.07        28.10
    15142.07        28.08
    15147.07        27.98
    15152.08        27.93
    15157.08        27.88
    15162.08        27.85
    15167.08        28.00
    15172.09        28.05
    15177.09        28.21
    15182.09        28.37
    15187.10        28.29
    15192.10        28.31
    15197.10        28.50
    15202.10        28.70
    15207.11        28.55
    15212.11        28.50
    15217.11        28.52
    15222.11        28.57
    15227.12        28.51
    15232.12        28.43
    15237.12        28.63
    15242.12        29.01
    15247.13        29.03
    15252.13        29.09
    15257.13        29.08
    15262.14        28.91
    15267.14        28.99
    15272.14        28.96
    15277.14        29.07
    15282.15        29.04
    15287.15        28.93
    15292.15        28.87
    15297.15        28.86
    15302.16        28.65
    15307.16        28.59
    15312.16        28.56
    15317.16        28.49
    15322.17        28.51
    15327.17        28.52
    15332.17        28.61
    15337.18        28.86
    15342.18        28.65
    15347.18        28.58
    15352.18        28.68
    15357.19        28.67
    15362.19        28.66
    15367.19        28.67
    15372.19        28.62
    15377.20        28.67
    15382.20        28.59
    15387.20        28.65
    15392.20        28.64
    15397.21        28.40
    15402.21        28.23
    15407.21        28.21
    15412.21        28.24
    15417.22        28.21
    15422.22        28.17
    15427.22        28.15
    15432.23        28.05
    15437.23        28.02
    15440.32        28.07
    15445.33        28.12
    15450.33        28.30
    15455.33        28.41
    15460.33        28.41
    15465.34        28.41
    15470.34        28.40
    15475.34        28.39
    15480.35        28.41
    15485.35        28.45
    15490.35        28.42
    15495.35        28.31
    15500.36        28.21
    15505.36        28.16
    15510.36        28.06
    15515.36        28.06
    15520.37        28.06
    15525.37        28.13
    15530.37        28.13
    15535.37        28.19
    15540.38        28.02
    15545.38        27.93
    15550.38        27.87
    15555.38        27.86
    15560.39        27.85
    15565.39        27.84
    15570.39        27.95
    15575.40        28.00
    15580.40        28.02
    15585.40        28.00
    15590.40        27.98
    15595.41        27.86
    15600.41        27.74
    15605.41        27.73
    15610.41        27.75
    15615.42        27.92
    15620.42        27.92
    15625.42        27.93
    15630.42        27.88
    15635.43        27.77
    15640.43        27.66
    15645.43        27.67
    15650.44        27.69
    15655.44        27.71
    15660.44        27.72
    15665.44        27.71
    15670.45        27.75
    15675.45        27.71
    15680.45        27.69
    15685.45        27.58
    15690.46        27.60
    15695.46        27.49
    15700.46        27.32
    15705.46        27.30
    15710.47        27.18
    15715.47        27.17
    15720.47        27.12
    15725.48        27.07
    15730.48        27.07
    15735.48        27.03
    15740.48        27.10
    15745.49        27.12
    15750.49        27.18
    15755.49        27.19
    15760.49        27.19
    15765.50        27.21
    15770.50        27.26
    15775.50        27.28
    15780.50        27.23
    15785.51        27.26
    15790.51        27.22
    15795.51        27.19
    15800.51        27.22
    15805.52        27.23
    15810.52        27.28
    15815.52        27.42
    15820.53        27.52
    15825.53        27.53
    15830.53        27.61
    15835.53        27.59
    15840.54        27.56
    15845.54        27.47
    15850.54        27.33
    15855.54        27.25
    15860.55        27.19
    15865.55        27.13
    15870.55        27.17
    15875.55        27.15
    15880.56        27.15
    15885.56        27.18
    15890.56        27.24
    15895.57        27.24
    15900.57        27.23
    15905.57        27.22
    15910.57        27.17
    15915.58        27.19
    15920.58        27.12
    15925.58        27.15
    15930.58        27.05
    15935.59        27.06
    15940.59        26.96
    15945.59        26.99
    15950.59        26.91
    15955.60        26.86
    15960.60        26.80
    15965.60        26.80
    15970.60        26.81
    15975.61        26.82
    15980.61        26.83
    15985.61        26.82
    15990.62        26.90
    15995.62        26.91
    16000.62        26.93
    16005.62        26.94
    16010.63        27.13
    16015.63        27.30
    16020.63        27.34
    16025.63        27.46
    16030.64        27.44
    16035.64        27.45
    16040.64        27.51
    16045.64        27.51
    16050.65        27.54
    16055.65        27.66
    16060.65        27.69
    16065.66        27.80
    16070.66        27.88
    16075.66        27.94
    16080.66        27.90
    16085.67        27.90
    16090.67        27.91
    16095.67        28.09
    16100.67        27.95
    16105.68        28.03
    16110.68        28.06
    16115.68        28.00
    16120.68        27.95
    16125.69        27.92
    16130.69        28.17
    16135.69        28.00
    16140.69        27.66
    16145.70        27.71
    16150.70        27.73
    16155.70        27.70
    16160.71        27.62
    16165.71        27.48
    16170.71        27.40
    16175.71        27.25
    16180.72        27.22
    16185.72        27.12
    16190.72        27.14
    16195.72        27.08
    16200.73        27.10
    16205.73        27.09
    16210.73        26.87
    16215.73        26.68
    16220.74        26.74
    16225.74        26.78
    16230.74        26.76
    16235.75        26.69
    16240.75        26.69
    16245.75        26.61
    16250.75        26.33
    16255.76        26.20
    16260.76        26.10
    16265.76        26.21
    16270.76        26.22
    16275.77        26.18
    16280.77        26.39
    16285.77        26.19
    16290.77        26.13
    16295.78        26.05
    16300.78        25.97
    16305.78        25.88
    16310.78        25.86
    16315.79        25.83
    16320.79        25.84
    16325.79        25.77
    16330.80        25.73
    16335.80        25.65
    16340.80        25.70
    16345.80        25.77
    16350.81        25.92
    16355.81        25.93
    16360.81        26.01
    16365.81        26.06
    16370.82        26.06
    16375.82        26.15
    16380.82        26.22
    16385.82        26.28
    16390.83        26.36
    16395.83        26.44
    16400.83        26.49
    16405.83        26.45
    16410.84        26.64
    16415.84        26.67
    16420.84        26.61
    16425.85        26.60
    16430.85        26.62
    16435.85        26.61
    16440.85        26.61
    16445.86        26.58
    16450.86        26.58
    16455.86        26.57
    16460.86        26.53
    16465.87        26.49
    16470.87        26.31
    16475.87        26.37
    16480.87        26.31
    16485.88        26.45
    16490.88        26.40
    16495.88        26.33
    16500.89        26.33
    16505.89        26.17
    16510.89        26.20
    16515.89        26.08
    16520.90        26.04
    16525.90        26.05
    16530.90        26.10
    16535.90        26.14
    16540.91        26.23
    16545.91        26.28
    16550.91        26.20
    16555.91        26.16
    16560.92        26.12
    16565.92        26.17
    16570.92        26.26
    16575.92        26.29
    16580.93        26.44
    16585.93        26.57
    16590.93        26.61
    16595.94        26.76
    16600.94        26.79
    16605.94        26.80
    16610.94        26.86
    16615.95        26.90
    16620.95        26.95
    16625.95        26.92
    16630.95        26.95
    16635.96        26.94
    16640.96        26.99
    16645.96        26.91
    16650.96        26.86
    16655.97        26.87
    16660.97        26.93
    16665.97        26.83
    16670.97        26.80
    16675.98        26.81
    16680.98        26.79
    16685.98        26.76
    16690.99        26.85
    16695.99        26.91
    16700.99        26.93
    16705.99        26.85
    16711.00        26.99
    16716.00        27.07
    16721.00        26.99
    16726.00        26.98
    16731.01        27.01
    16736.01        27.05
    16741.01        27.07
    16746.01        27.10
    16751.02        27.03
    16756.02        27.16
    16761.02        27.13
    16766.02        27.01
    16771.03        26.97
    16776.03        26.92
    16781.03        26.99
    16786.04        27.00
    16791.04        26.78
    16796.04        26.63
    16801.04        26.60
    16806.05        26.58
    16811.05        26.59
    16816.05        26.57
    16821.05        26.52
    16826.06        26.57
    16831.06        26.44
    16836.06        26.37
    16841.06        26.36
    16846.07        26.36
    16851.07        26.35
    16856.07        26.42
    16861.07        26.54
    16866.08        26.58
    16871.08        26.55
    16876.08        26.62
    16881.09        26.69
    16886.09        26.72
    16891.09        26.70
    16896.09        26.66
    16901.10        26.76
    16906.10        26.76
    16911.10        26.78
    16916.10        26.82
    16921.11        26.94
    16926.11        26.90
    16931.11        26.87
    16936.11        26.82
    16941.12        26.71
    16946.12        26.60
    16951.12        26.54
    16956.12        26.52
    16961.13        26.61
    16966.13        26.62
    16971.13        26.69
    16976.14        26.62
    16981.14        26.62
    16986.14        26.58
    16991.14        26.55
    16996.15        26.56
    17001.15        26.62
    17006.15        26.56
    17011.15        26.58
    17016.16        26.54
    17021.16        26.59
    17026.16        26.59
    17031.16        26.67
    17036.17        26.79
    17041.17        26.76
    17046.17        26.71
    17051.18        26.60
    17056.18        26.55
    17061.18        26.52
    17066.18        26.39
    17071.19        26.38
    17076.19        26.22
    17081.19        26.03
    17086.19        26.00
    17091.20        25.96
    17096.20        26.00
    17101.20        25.83
    17106.20        25.81
    17111.21        25.78
    17116.21        25.71
    17121.21        25.66
    17126.21        25.57
    17131.22        25.59
    17136.22        25.63
    17141.22        25.57
    17146.23        25.68
    17151.23        25.69
    17156.23        25.54
    17161.23        25.58
    17166.24        25.67
    17171.24        25.65
    17176.24        25.60
    17181.24        25.58
    17186.25        25.60
    17191.25        25.51
    17196.25        25.36
    17201.25        25.39
    17206.26        25.39
    17211.26        25.33
    17216.26        25.33
    17221.26        25.29
    17226.27        25.23
    17231.27        25.19
    17236.27        25.22
    17241.27        25.39
    17246.28        25.48
    17251.28        25.30
    17256.28        25.34
    17261.29        25.41
    17266.29        25.40
    17271.29        25.47
    17276.29        25.51
    17281.30        25.46
    17286.30        25.53
    17291.30        25.73
    17296.30        25.78
    17301.31        25.76
    17306.31        25.84
    17309.40        25.97
    17314.41        25.97
    17319.41        26.00
    17324.41        26.01
    17329.41        26.05
    17334.42        26.17
    17339.42        26.38
    17344.42        26.37
    17349.42        26.41
    17354.43        26.31
    17359.43        26.34
    17364.43        26.40
    17369.43        26.50
    17374.44        26.67
    17379.44        26.82
    17384.44        26.91
    17389.44        27.09
    17394.45        27.24
    17399.45        27.26
    17404.45        27.28
    17409.45        27.40
    17414.46        27.38
    17419.46        27.51
    17424.46        27.58
    17429.47        27.61
    17434.47        27.71
    17439.47        27.70
    17444.47        27.78
    17449.48        27.82
    17454.48        27.93
    17459.48        27.92
    17464.48        28.07
    17469.49        28.14
    17474.49        28.19
    17479.49        28.15
    17484.49        28.13
    17489.50        28.19
    17494.50        28.23
    17499.50        28.34
    17504.50        28.29
    17509.51        28.60
    17514.51        28.50
    17519.51        28.40
    17524.52        28.57
    17529.52        28.58
    17534.52        28.61
    17539.52        28.58
    17544.53        28.58
    17549.53        28.72
    17554.53        28.72
    17559.53        28.76
    17564.54        28.72
    17569.54        28.66
    17574.54        28.65
    17579.54        28.66
    17584.55        28.54
    17589.55        28.50
    17594.55        28.46
    17599.55        28.47
    17604.56        28.45
    17609.56        28.45
    17614.56        28.54
    17619.57        28.44
    17624.57        28.52
    17629.57        28.45
    17634.57        28.41
    17639.58        28.36
    17644.58        28.29
    17649.58        28.36
    17654.58        28.40
    17659.59        28.30
    17664.59        28.18
    17669.59        28.13
    17674.59        28.17
    17679.60        28.09
    17684.60        28.03
    17689.60        27.94
    17694.60        27.92
    17699.61        27.88
    17704.61        27.80
    17709.61        27.74
    17714.62        27.73
    17719.62        27.67
    17724.62        27.66
    17729.62        27.59
    17734.63        27.67
    17739.63        27.59
    17744.63        27.55
    17749.63        27.61
    17754.64        27.69
    17759.64        27.71
    17764.64        27.57
    17769.64        27.56
    17774.65        27.56
    17779.65        27.56
    17784.65        27.61
    17789.65        27.49
    17794.66        27.42
    17799.66        27.56
    17804.66        27.49
    17809.66        27.38
    17814.67        27.33
    17819.67        27.38
    17824.67        27.26
    17829.68        27.36
    17834.68        27.39
    17839.68        27.45
    17844.68        27.47
    17849.69        27.40
    17854.69        27.34
    17859.69        27.35
    17864.69        27.47
    17869.70        27.39
    17874.70        27.40
    17879.70        27.36
    17884.70        27.30
    17889.71        27.22
    17894.71        27.22
    17899.71        27.15
    17904.71        27.05
    17909.72        26.98
    17914.72        26.79
    17919.72        26.82
    17924.73        26.85
    17929.73        26.88
    17934.73        26.91
    17939.73        26.93
    17944.74        26.85
    17949.74        26.77
    17954.74        26.70
    17959.74        26.62
    17964.75        26.57
    17969.75        26.48
    17974.75        26.40
    17979.75        26.43
    17984.76        26.42
    17989.76        26.50
    17994.76        26.45
    17999.76        26.41
    18004.77        26.39
    18009.77        26.44
    18014.77        26.51
    18019.77        26.50
    18024.78        26.51
    18029.78        26.49
    18034.78        26.56
    18039.79        26.51
    18044.79        26.52
    18049.79        26.55
    18054.79        26.54
    18059.80        26.53
    18064.80        26.54
    18069.80        26.64
    18074.80        26.55
    18079.81        26.49
    18084.81        26.46
    18089.81        26.46
    18094.81        26.41
    18099.82        26.36
    18104.82        26.40
    18109.82        26.39
    18114.82        26.40
    18119.83        26.36
    18124.83        26.40
    18129.83        26.46
    18134.84        26.52
    18139.84        26.52
    18144.84        26.58
    18149.84        26.64
    18154.85        26.77
    18159.85        26.81
    18164.85        26.82
    18169.85        26.80
    18174.86        27.05
    18179.86        26.96
    18184.86        26.94
    18189.86        27.14
    18194.87        27.13
    18199.87        27.14
    18204.87        27.16
    18209.87        27.22
    18214.88        27.31
    18219.88        27.34
    18224.88        27.38
    18229.88        27.32
    18234.89        27.31
    18239.89        27.26
    18244.89        27.25
    18249.90        27.19
    18254.90        27.16
    18259.90        27.02
    18264.90        27.14
    18269.91        27.19
    18274.91        27.09
    18279.91        27.05
    18284.91        27.04
    18289.92        27.12
    18294.92        26.90
    18299.92        26.88
    18304.92        26.93
    18309.93        27.03
    18314.93        27.01
    18319.93        26.95
    18324.93        26.79
    18329.94        26.63
    18334.94        26.50
    18339.94        26.40
    18344.95        26.41
    18349.95        26.36
    18354.95        26.28
    18359.95        26.17
    18364.96        26.03
    18369.96        25.99
    18374.96        25.95
    18379.96        25.87
    18384.97        25.76
    18389.97        25.71
    18394.97        25.67
    18399.97        25.56
    18404.98        25.49
    18409.98        25.45
    18414.98        25.40
    18419.98        25.31
    18424.99        25.25
