# MB_2m_NZGD2000_NZTM_OD - Mean
# Coordinate Projection: NZTM
# Attribute Unit: m
# Z-axis convention: Up is positive
# Distance Unit: m
# Start Location: 1353073.802 4856723.189
# End Location: 1366784.468 4866938.610
# Format: Distance    Attribute
        0.00        92.50
        5.00        92.41
       10.01        92.32
       15.01        92.24
       20.01        92.12
       25.02        92.04
       30.02        91.94
       35.02        91.87
       40.03        91.77
       45.03        91.70
       50.03        91.62
       55.04        91.54
       60.04        91.50
       65.04        91.42
       70.05        91.36
       75.05        91.27
       80.05        91.20
       85.05        91.14
       90.06        91.11
       95.06        91.04
      100.06        90.97
      105.07        90.89
      110.07        90.82
      115.07        90.74
      120.08        90.70
      125.08        90.62
      130.08        90.53
      135.09        90.45
      140.09        90.40
      145.09        90.37
      150.10        90.28
      155.10        90.25
      160.10        90.15
      165.11        90.08
      170.11        90.04
      175.11        89.99
      180.12        89.91
      185.12        89.89
      190.12        89.81
      195.13        89.75
      200.13        89.72
      205.13        89.68
      210.13        89.59
      215.14        89.56
      220.14        89.47
      225.14        89.46
      230.15        89.38
      235.15        89.37
      240.15        89.30
      245.16        89.28
      250.16        89.26
      255.16        89.17
      260.17        89.14
      265.17        89.09
      270.17        89.06
      275.18        89.04
      280.18        88.97
      285.18        88.91
      290.19        88.90
      295.19        88.84
      300.19        88.78
      305.20        88.76
      310.20        88.71
      315.20        88.69
      320.21        88.68
      325.21        88.66
      330.21        88.61
      335.22        88.60
      340.22        88.59
      345.22        88.55
      350.22        88.49
      355.23        88.46
      360.23        88.44
      365.23        88.40
      370.24        88.38
      375.24        88.35
      380.24        88.24
      385.25        88.22
      390.25        88.18
      395.25        88.18
      400.26        88.10
      405.26        88.01
      410.26        87.98
      415.27        87.91
      420.27        87.88
      425.27        87.79
      430.28        87.73
      435.28        87.71
      440.28        87.70
      445.29        87.65
      450.29        87.67
      455.29        87.63
      460.30        87.47
      465.30        87.44
      470.30        87.41
      475.31        87.43
      480.31        87.35
      485.31        87.31
      490.31        87.28
      495.32        87.30
      500.32        87.26
      505.32        87.21
      510.33        87.17
      515.33        87.14
      520.33        87.13
      525.34        87.11
      530.34        87.09
      531.51        87.09
      536.51        87.07
      541.52        87.04
      546.52        87.03
      551.52        86.99
      556.53        86.98
      561.53        86.95
      566.53        86.94
      571.54        86.90
      576.54        86.87
      581.54        86.87
      586.55        86.85
      591.55        86.84
      596.55        86.84
      601.56        86.82
      606.56        86.80
      611.56        86.78
      616.57        86.77
      621.57        86.75
      626.57        86.75
      631.58        86.74
      636.58        86.72
      641.58        86.71
      646.59        86.69
      651.59        86.67
      656.59        86.65
      661.59        86.64
      666.60        86.63
      671.60        86.62
      676.60        86.60
      681.61        86.59
      686.61        86.58
      691.61        86.57
      696.62        86.57
      701.62        86.54
      706.62        86.53
      711.63        86.51
      716.63        86.50
      721.63        86.49
      726.64        86.47
      731.64        86.47
      736.64        86.46
      741.65        86.46
      746.65        86.44
      751.65        86.42
      756.66        86.41
      761.66        86.39
      766.66        86.39
      771.67        86.38
      776.67        86.38
      781.67        86.38
      786.67        86.35
      791.68        86.34
      796.68        86.34
      801.68        86.32
      806.69        86.31
      811.69        86.30
      816.69        86.28
      821.70        86.28
      826.70        86.27
      831.70        86.26
      836.71        86.25
      841.71        86.24
      846.71        86.23
      851.72        86.25
      856.72        86.24
      861.72        86.18
      866.73        86.17
      871.73        86.16
      876.73        86.14
      881.74        86.12
      886.74        86.13
      891.74        86.13
      893.84        86.12
      898.85        86.11
      903.85        86.10
      908.85        86.11
      913.86        86.09
      918.86        86.09
      923.86        86.07
      928.87        86.08
      933.87        86.08
      938.87        86.07
      943.88        86.07
      948.88        86.06
      953.88        86.06
      958.89        86.05
      963.89        86.05
      968.89        86.03
      973.90        86.03
      978.90        86.02
      983.90        86.01
      988.91        86.02
      993.91        86.01
      998.91        86.01
     1003.91        86.01
     1008.92        86.01
     1013.92        86.00
     1018.92        85.99
     1023.93        85.98
     1028.93        85.97
     1033.93        85.98
     1038.94        85.96
     1043.94        85.96
     1048.94        85.96
     1053.95        85.96
     1058.95        85.95
     1063.95        85.94
     1068.96        85.94
     1073.96        85.94
     1078.96        85.93
     1083.97        85.93
     1088.97        85.93
     1093.97        85.93
     1098.98        85.92
     1103.98        85.91
     1108.98        85.91
     1113.98        85.92
     1118.99        85.92
     1123.99        85.90
     1128.99        85.91
     1134.00        85.90
     1139.00        85.90
     1144.00        85.91
     1149.01        85.89
     1154.01        85.88
     1159.01        85.88
     1164.02        85.88
     1169.02        85.86
     1174.02        85.85
     1179.03        85.85
     1184.03        85.84
     1189.03        85.84
     1194.04        85.84
     1199.04        85.84
     1204.04        85.85
     1209.05        85.84
     1214.05        85.84
     1219.05        85.82
     1224.06        85.80
     1229.06        85.80
     1234.06        85.80
     1239.06        85.80
     1244.07        85.80
     1249.07        85.80
     1254.07        85.81
     1259.08        85.80
     1264.08        85.80
     1269.08        85.79
     1274.09        85.78
     1279.09        85.78
     1284.09        85.78
     1289.10        85.78
     1294.10        85.78
     1299.10        85.78
     1304.11        85.78
     1309.11        85.78
     1314.11        85.77
     1319.12        85.76
     1324.12        85.75
     1329.12        85.76
     1334.13        85.74
     1339.13        85.74
     1344.13        85.74
     1349.14        85.74
     1354.14        85.74
     1359.14        85.72
     1364.14        85.73
     1369.15        85.71
     1374.15        85.71
     1379.15        85.71
     1384.16        85.69
     1389.16        85.70
     1394.16        85.70
     1399.17        85.69
     1404.17        85.69
     1409.17        85.68
     1414.18        85.67
     1419.18        85.67
     1424.18        85.66
     1429.19        85.65
     1434.19        85.67
     1439.19        85.65
     1444.20        85.65
     1449.20        85.66
     1454.20        85.65
     1459.21        85.65
     1464.21        85.66
     1469.21        85.66
     1472.12        85.65
     1477.12        85.65
     1482.12        85.65
     1487.13        85.64
     1492.13        85.65
     1497.13        85.63
     1502.14        85.64
     1507.14        85.63
     1512.14        85.63
     1517.15        85.63
     1522.15        85.64
     1527.15        85.63
     1532.16        85.63
     1537.16        85.64
     1542.16        85.63
     1547.17        85.62
     1552.17        85.63
     1557.17        85.62
     1562.17        85.63
     1567.18        85.63
     1572.18        85.63
     1577.18        85.65
     1582.19        85.64
     1587.19        85.64
     1592.19        85.65
     1597.20        85.64
     1602.20        85.64
     1607.20        85.64
     1612.21        85.63
     1617.21        85.62
     1622.21        85.62
     1627.22        85.63
     1632.22        85.63
     1637.22        85.63
     1642.23        85.63
     1647.23        85.63
     1652.23        85.62
     1657.24        85.63
     1662.24        85.62
     1667.24        85.62
     1672.24        85.60
     1677.25        85.62
     1682.25        85.61
     1687.25        85.61
     1692.26        85.62
     1697.26        85.63
     1702.26        85.63
     1707.27        85.63
     1712.27        85.63
     1717.27        85.63
     1722.28        85.62
     1727.28        85.63
     1732.28        85.63
     1737.29        85.63
     1742.29        85.62
     1747.29        85.62
     1752.30        85.60
     1757.30        85.62
     1762.30        85.62
     1767.31        85.63
     1772.31        85.63
     1777.31        85.63
     1782.32        85.62
     1787.32        85.62
     1792.32        85.61
     1797.32        85.60
     1802.33        85.59
     1807.33        85.59
     1812.33        85.59
     1817.34        85.60
     1822.34        85.59
     1827.34        85.60
     1832.35        85.59
     1837.35        85.59
     1842.35        85.57
     1847.36        85.59
     1852.36        85.58
     1857.36        85.56
     1862.37        85.57
     1867.37        85.57
     1872.37        85.58
     1877.38        85.57
     1882.38        85.57
     1887.38        85.58
     1892.39        85.57
     1897.39        85.58
     1902.39        85.57
     1907.39        85.56
     1912.40        85.55
     1917.40        85.57
     1922.40        85.55
     1927.41        85.55
     1932.41        85.54
     1937.41        85.53
     1942.42        85.55
     1947.42        85.55
     1952.42        85.53
     1957.43        85.55
     1962.43        85.55
     1967.43        85.55
     1972.44        85.53
     1977.44        85.53
     1982.44        85.53
     1987.45        85.51
     1992.45        85.51
     1997.45        85.52
     2002.46        85.52
     2007.46        85.52
     2012.46        85.52
     2017.46        85.52
     2022.47        85.51
     2027.47        85.50
     2032.47        85.51
     2037.48        85.49
     2042.48        85.48
     2047.48        85.50
     2052.49        85.48
     2057.49        85.48
     2062.49        85.48
     2067.50        85.45
     2072.50        85.45
     2077.50        85.46
     2082.51        85.47
     2087.51        85.48
     2092.51        85.46
     2097.52        85.46
     2102.52        85.43
     2107.52        85.44
     2112.53        85.44
     2117.53        85.44
     2122.53        85.43
     2127.53        85.44
     2132.54        85.45
     2137.54        85.44
     2142.54        85.44
     2147.55        85.44
     2152.55        85.42
     2157.55        85.44
     2162.56        85.43
     2167.56        85.42
     2172.56        85.41
     2177.57        85.40
     2182.57        85.40
     2187.57        85.41
     2192.58        85.41
     2197.58        85.42
     2202.58        85.40
     2207.59        85.42
     2212.59        85.41
     2217.59        85.41
     2222.60        85.41
     2227.60        85.39
     2232.60        85.38
     2237.60        85.40
     2242.61        85.39
     2247.61        85.39
     2252.61        85.39
     2257.62        85.38
     2262.62        85.40
     2267.62        85.38
     2272.63        85.40
     2277.63        85.39
     2282.63        85.39
     2287.64        85.38
     2292.64        85.39
     2297.64        85.38
     2302.65        85.38
     2305.54        85.37
     2310.54        85.38
     2315.55        85.38
     2320.55        85.39
     2325.55        85.39
     2330.56        85.39
     2335.56        85.38
     2340.56        85.38
     2345.57        85.39
     2350.57        85.38
     2355.57        85.34
     2360.58        85.38
     2365.58        85.38
     2370.58        85.39
     2375.58        85.40
     2380.59        85.39
     2385.59        85.37
     2390.59        85.38
     2395.60        85.39
     2400.60        85.34
     2405.60        85.42
     2410.61        85.31
     2415.61        85.39
     2420.61        85.33
     2425.62        85.37
     2430.62        85.36
     2435.62        85.38
     2440.63        85.38
     2445.63        85.32
     2450.63        85.40
     2455.64        85.32
     2460.64        85.37
     2465.64        85.37
     2470.64        85.34
     2475.65        85.33
     2480.65        85.35
     2485.65        85.40
     2490.66        85.27
     2495.66        85.33
     2500.66        85.33
     2505.67        85.25
     2510.67        85.32
     2515.67        85.32
     2520.68        85.23
     2525.68        85.32
     2530.68        85.33
     2535.69        85.31
     2540.69        85.36
     2545.69        85.30
     2550.70        85.34
     2555.70        85.30
     2560.70        85.29
     2565.71        85.30
     2570.71        85.28
     2575.71        85.31
     2580.71        85.27
     2585.72        85.32
     2590.72        85.29
     2595.72        85.26
     2600.73        85.25
     2605.73        85.27
     2610.73        85.25
     2615.74        85.31
     2620.74        85.21
     2625.74        85.23
     2630.75        85.30
     2635.75        85.24
     2640.75        85.31
     2645.76        85.25
     2650.76        85.29
     2655.76        85.27
     2660.77        85.23
     2665.77        85.22
     2670.77        85.24
     2675.78        85.26
     2680.78        85.26
     2685.78        85.26
     2690.78        85.26
     2695.79        85.23
     2700.79        85.24
     2705.79        85.26
     2710.80        85.24
     2715.80        85.22
     2720.80        85.23
     2725.81        85.24
     2730.81        85.22
     2735.81        85.21
     2740.82        85.25
     2745.82        85.24
     2750.82        85.26
     2755.83        85.24
     2760.83        85.22
     2765.83        85.22
     2770.84        85.23
     2775.84        85.24
     2780.84        85.23
     2785.85        85.23
     2790.85        85.22
     2795.85        85.21
     2800.85        85.22
     2805.86        85.24
     2810.86        85.24
     2815.86        85.25
     2820.87        85.26
     2825.87        85.24
     2830.87        85.25
     2835.88        85.24
     2840.88        85.24
     2845.88        85.24
     2850.89        85.22
     2855.89        85.22
     2860.89        85.22
     2865.90        85.26
     2870.90        85.18
     2875.90        85.22
     2880.91        85.23
     2885.91        85.24
     2890.91        85.22
     2895.91        85.18
     2900.92        85.17
     2905.92        85.20
     2910.92        85.17
     2915.93        85.15
     2920.93        85.24
     2925.93        85.27
     2930.94        85.19
     2935.94        85.18
     2940.94        85.19
     2945.95        85.19
     2950.95        85.23
     2955.95        85.21
     2960.96        85.23
     2965.96        85.19
     2970.96        85.21
     2975.97        85.18
     2980.97        85.20
     2985.97        85.23
     2990.98        85.19
     2995.98        85.19
     3000.98        85.17
     3005.98        85.15
     3010.99        85.20
     3015.99        85.16
     3020.99        85.16
     3026.00        85.22
     3027.35        85.19
     3032.36        85.17
     3037.36        85.19
     3042.36        85.19
     3047.37        85.15
     3052.37        85.20
     3057.37        85.18
     3062.38        85.11
     3067.38        85.15
     3072.38        85.14
     3077.38        85.15
     3082.39        85.15
     3087.39        85.17
     3092.39        85.14
     3097.40        85.16
     3102.40        85.14
     3107.40        85.16
     3112.41        85.13
     3117.41        85.13
     3122.41        85.13
     3127.42        85.14
     3132.42        85.17
     3137.42        85.09
     3142.43        85.16
     3147.43        85.14
     3152.43        85.13
     3157.44        85.05
     3162.44        85.16
     3167.44        85.09
     3172.44        85.07
     3177.45        85.10
     3182.45        85.09
     3187.45        85.11
     3192.46        85.10
     3197.46        85.09
     3202.46        85.10
     3207.47        85.06
     3212.47        85.05
     3217.47        85.09
     3222.48        85.02
     3227.48        85.09
     3232.48        85.06
     3237.49        85.14
     3242.49        85.06
     3247.49        85.07
     3252.50        85.09
     3257.50        85.06
     3262.50        85.03
     3267.50        85.06
     3272.51        85.02
     3277.51        85.01
     3282.51        85.02
     3287.52        85.00
     3292.52        84.99
     3297.52        85.02
     3302.53        85.03
     3307.53        84.99
     3312.53        85.01
     3317.54        84.99
     3322.54        85.01
     3327.54        85.06
     3332.55        85.01
     3337.55        85.01
     3342.55        85.00
     3347.56        84.98
     3352.56        85.04
     3357.56        85.00
     3362.57        84.97
     3367.57        85.04
     3372.57        85.07
     3377.57        85.00
     3382.58        85.04
     3387.58        85.01
     3392.58        85.02
     3397.59        85.01
     3402.59        85.01
     3407.59        85.02
     3412.60        85.02
     3417.60        85.01
     3422.60        85.02
     3427.61        85.02
     3432.61        85.02
     3437.61        84.95
     3442.62        85.02
     3447.62        85.04
     3452.62        85.04
     3457.63        84.99
     3462.63        85.03
     3467.63        84.94
     3472.63        85.03
     3477.64        84.98
     3482.64        84.96
     3487.64        84.97
     3492.65        84.98
     3497.65        85.00
     3502.65        85.05
     3507.66        85.03
     3512.66        85.03
     3517.66        84.97
     3522.67        84.98
     3527.67        85.01
     3532.67        85.02
     3537.68        84.99
     3542.68        85.01
     3547.68        85.03
     3552.69        85.03
     3557.69        85.03
     3562.69        85.01
     3567.69        85.01
     3572.70        85.02
     3577.70        85.03
     3582.70        85.01
     3587.71        85.01
     3592.71        85.03
     3597.71        85.04
     3602.72        85.02
     3607.72        85.02
     3612.72        85.02
     3617.73        85.00
     3622.73        84.99
     3623.97        84.99
     3628.97        85.01
     3633.98        85.01
     3638.98        85.00
     3643.98        84.99
     3648.99        84.99
     3653.99        84.95
     3658.99        84.94
     3663.99        84.97
     3669.00        84.96
     3674.00        84.96
     3679.00        84.97
     3684.01        84.98
     3689.01        84.98
     3694.01        84.97
     3699.02        84.95
     3704.02        84.95
     3709.02        84.94
     3714.03        84.94
     3719.03        84.94
     3724.03        84.95
     3729.04        84.99
     3734.04        84.84
     3739.04        84.91
     3744.05        84.91
     3749.05        84.92
     3754.05        84.91
     3759.05        84.91
     3764.06        84.92
     3769.06        84.88
     3774.06        84.91
     3779.07        84.90
     3784.07        84.91
     3789.07        84.89
     3794.08        84.88
     3799.08        84.90
     3804.08        84.88
     3809.09        84.88
     3814.09        84.89
     3819.09        84.90
     3824.10        84.89
     3829.10        84.88
     3834.10        84.87
     3839.11        84.84
     3844.11        84.86
     3849.11        84.87
     3854.11        84.85
     3859.12        84.85
     3864.12        84.84
     3869.12        84.84
     3874.13        84.84
     3879.13        84.86
     3884.13        84.87
     3889.14        84.84
     3894.14        84.81
     3899.14        84.84
     3904.15        84.81
     3909.15        84.80
     3914.15        84.79
     3919.16        84.81
     3924.16        84.83
     3929.16        84.82
     3934.17        84.83
     3939.17        84.82
     3944.17        84.83
     3949.17        84.83
     3954.18        84.85
     3959.18        84.82
     3964.18        84.83
     3969.19        84.82
     3974.19        84.81
     3979.19        84.83
     3984.20        84.80
     3989.20        84.78
     3994.20        84.81
     3999.21        84.82
     4004.21        84.83
     4009.21        84.80
     4014.22        84.79
     4019.22        84.81
     4024.22        84.79
     4029.22        84.79
     4034.23        84.81
     4039.23        84.78
     4044.23        84.79
     4049.24        84.78
     4054.24        84.78
     4059.24        84.78
     4064.25        84.79
     4069.25        84.78
     4074.25        84.77
     4079.26        84.79
     4084.26        84.79
     4089.26        84.77
     4094.27        84.78
     4099.27        84.75
     4104.27        84.77
     4109.28        84.78
     4114.28        84.78
     4119.28        84.75
     4124.28        84.77
     4129.29        84.77
     4134.29        84.72
     4139.29        84.76
     4144.30        84.76
     4149.30        84.75
     4154.30        84.72
     4159.31        84.73
     4164.31        84.76
     4169.31        84.73
     4174.32        84.75
     4179.32        84.74
     4184.32        84.75
     4189.33        84.74
     4194.33        84.74
     4199.33        84.73
     4204.34        84.72
     4209.34        84.73
     4214.34        84.74
     4219.34        84.74
     4224.35        84.73
     4229.35        84.72
     4234.35        84.73
     4239.36        84.71
     4244.36        84.71
     4249.36        84.71
     4254.37        84.73
     4259.37        84.71
     4264.37        84.72
     4269.38        84.72
     4274.38        84.72
     4279.38        84.73
     4284.39        84.72
     4289.39        84.71
     4294.39        84.69
     4299.40        84.69
     4304.40        84.70
     4309.40        84.66
     4314.40        84.70
     4319.41        84.69
     4324.41        84.70
     4329.41        84.71
     4334.42        84.66
     4339.42        84.69
     4344.42        84.69
     4349.43        84.71
     4354.43        84.68
     4359.43        84.66
     4364.44        84.69
     4369.44        84.69
     4374.44        84.68
     4379.45        84.67
     4384.45        84.66
     4389.45        84.68
     4394.46        84.67
     4399.46        84.68
     4404.46        84.66
     4409.46        84.67
     4414.47        84.67
     4419.47        84.67
     4424.47        84.68
     4429.48        84.66
     4434.48        84.68
     4439.48        84.66
     4444.49        84.67
     4449.49        84.70
     4454.49        84.63
     4459.50        84.69
     4464.50        84.71
     4469.50        84.59
     4474.51        84.64
     4479.51        84.62
     4484.51        84.57
     4489.51        84.57
     4494.52        84.64
     4499.52        84.60
     4504.52        84.66
     4509.53        84.67
     4514.53        84.59
     4519.53        84.67
     4524.54        84.68
     4529.54        84.57
     4534.54        84.62
     4539.55        84.53
     4544.55        84.65
     4549.55        84.66
     4554.56        84.66
     4559.56        84.61
     4564.56        84.60
     4569.57        84.59
     4569.64        84.59
     4574.64        84.60
     4579.65        84.63
     4584.65        84.57
     4589.65        84.58
     4594.66        84.59
     4599.66        84.64
     4604.66        84.64
     4609.67        84.63
     4614.67        84.58
     4619.67        84.54
     4624.68        84.56
     4629.68        84.53
     4634.68        84.60
     4639.68        84.61
     4644.69        84.62
     4649.69        84.63
     4654.69        84.62
     4659.70        84.61
     4664.70        84.60
     4669.70        84.58
     4674.71        84.55
     4679.71        84.55
     4684.71        84.51
     4689.72        84.57
     4694.72        84.58
     4699.72        84.53
     4704.73        84.57
     4709.73        84.53
     4714.73        84.54
     4719.74        84.49
     4724.74        84.54
     4729.74        84.53
     4734.74        84.52
     4739.75        84.53
     4744.75        84.53
     4749.75        84.54
     4754.76        84.50
     4759.76        84.53
     4764.76        84.52
     4769.77        84.51
     4774.77        84.44
     4779.77        84.43
     4784.78        84.47
     4789.78        84.47
     4794.78        84.52
     4799.79        84.50
     4804.79        84.50
     4809.79        84.49
     4814.79        84.47
     4819.80        84.50
     4824.80        84.45
     4829.80        84.45
     4834.81        84.50
     4839.81        84.50
     4844.81        84.48
     4849.82        84.45
     4854.82        84.44
     4859.82        84.45
     4864.83        84.46
     4869.83        84.47
     4874.83        84.46
     4879.84        84.48
     4884.84        84.48
     4889.84        84.46
     4894.85        84.48
     4899.85        84.47
     4904.85        84.46
     4909.85        84.41
     4914.86        84.45
     4919.86        84.46
     4924.86        84.41
     4929.87        84.35
     4934.87        84.39
     4939.87        84.44
     4944.88        84.47
     4949.88        84.42
     4954.88        84.43
     4959.89        84.43
     4964.89        84.40
     4969.89        84.44
     4974.90        84.45
     4979.90        84.43
     4984.90        84.44
     4989.90        84.45
     4994.91        84.42
     4999.91        84.40
     5004.91        84.40
     5009.92        84.40
     5014.92        84.40
     5019.92        84.42
     5024.93        84.42
     5029.93        84.41
     5034.93        84.43
     5039.94        84.39
     5044.94        84.38
     5049.94        84.37
     5054.95        84.36
     5059.95        84.39
     5064.95        84.39
     5069.95        84.39
     5074.96        84.42
     5079.96        84.37
     5084.96        84.35
     5089.97        84.36
     5094.97        84.38
     5099.97        84.38
     5104.98        84.41
     5109.98        84.39
     5114.98        84.37
     5119.99        84.36
     5124.99        84.37
     5129.99        84.33
     5135.00        84.40
     5140.00        84.39
     5145.00        84.41
     5150.01        84.37
     5155.01        84.36
     5160.01        84.35
     5165.01        84.38
     5170.02        84.36
     5175.02        84.33
     5180.02        84.37
     5185.03        84.35
     5190.03        84.37
     5195.03        84.29
     5200.04        84.36
     5205.04        84.34
     5210.04        84.32
     5215.05        84.30
     5220.05        84.32
     5225.05        84.34
     5230.06        84.33
     5235.06        84.29
     5240.06        84.29
     5245.06        84.29
     5250.07        84.33
     5255.07        84.31
     5260.07        84.31
     5265.08        84.31
     5270.08        84.29
     5275.08        84.33
     5280.09        84.30
     5285.09        84.24
     5290.09        84.30
     5295.10        84.29
     5300.10        84.30
     5305.10        84.22
     5310.11        84.30
     5315.11        84.29
     5320.11        84.31
     5325.11        84.29
     5330.12        84.29
     5335.12        84.27
     5340.12        84.29
     5345.13        84.31
     5350.13        84.30
     5355.13        84.29
     5360.14        84.26
     5365.14        84.29
     5370.14        84.29
     5375.15        84.31
     5380.15        84.31
     5385.15        84.26
     5390.16        84.31
     5395.16        84.30
     5400.16        84.30
     5405.17        84.24
     5410.17        84.31
     5415.17        84.30
     5420.17        84.28
     5425.18        84.30
     5430.18        84.28
     5435.18        84.30
     5440.19        84.26
     5445.19        84.23
     5450.19        84.25
     5455.20        84.25
     5460.20        84.28
     5465.20        84.23
     5470.21        84.27
     5475.21        84.26
     5480.21        84.25
     5485.22        84.22
     5490.22        84.23
     5495.22        84.24
     5500.22        84.27
     5505.23        84.25
     5510.23        84.26
     5515.23        84.23
     5520.24        84.21
     5525.24        84.20
     5530.24        84.19
     5535.25        84.26
     5540.25        84.18
     5545.25        84.28
     5550.26        84.25
     5555.26        84.23
     5560.26        84.20
     5565.27        84.28
     5570.27        84.21
     5575.27        84.21
     5580.27        84.23
     5585.28        84.21
     5590.28        84.24
     5595.28        84.24
     5600.29        84.23
     5605.29        84.19
     5610.29        84.20
     5615.30        84.17
     5620.30        84.20
     5625.30        84.20
     5630.31        84.16
     5635.31        84.18
     5640.31        84.18
     5645.32        84.17
     5647.46        84.16
     5652.47        84.16
     5657.47        84.19
     5662.47        84.19
     5667.48        84.18
     5672.48        84.19
     5677.48        84.20
     5682.49        84.21
     5687.49        84.16
     5692.49        84.14
     5697.50        84.15
     5702.50        84.14
     5707.50        84.15
     5712.50        84.16
     5717.51        84.18
     5722.51        84.15
     5727.51        84.12
     5732.52        84.17
     5737.52        84.16
     5742.52        84.15
     5747.53        84.18
     5752.53        84.17
     5757.53        84.13
     5762.54        84.08
     5767.54        84.10
     5772.54        84.13
     5777.55        84.14
     5782.55        84.14
     5787.55        84.15
     5792.55        84.15
     5797.56        84.12
     5802.56        84.11
     5807.56        84.14
     5812.57        84.12
     5817.57        84.08
     5822.57        84.06
     5827.58        84.07
     5832.58        84.07
     5837.58        84.13
     5842.59        84.16
     5847.59        84.14
     5852.59        84.12
     5857.60        84.07
     5862.60        84.09
     5867.60        84.12
     5872.60        84.10
     5877.61        84.09
     5882.61        84.13
     5887.61        84.13
     5892.62        84.06
     5897.62        84.14
     5902.62        84.12
     5907.63        84.11
     5912.63        84.14
     5917.63        84.14
     5922.64        84.14
     5927.64        84.06
     5932.64        84.09
     5937.65        84.05
     5942.65        84.09
     5947.65        84.12
     5952.65        84.09
     5957.66        84.08
     5962.66        84.07
     5967.66        84.05
     5972.67        84.08
     5977.67        83.99
     5982.67        84.03
     5987.68        84.04
     5992.68        84.05
     5997.68        84.03
     6002.69        83.99
     6007.69        84.06
     6012.69        84.05
     6017.70        84.07
     6022.70        84.05
     6027.70        84.04
     6032.70        83.96
     6037.71        84.03
     6042.71        84.01
     6047.71        83.96
     6052.72        84.02
     6057.72        84.02
     6062.72        84.06
     6067.73        84.00
     6072.73        84.02
     6077.73        84.03
     6082.74        84.01
     6087.74        84.01
     6092.74        84.00
     6097.75        84.04
     6102.75        84.05
     6107.75        83.98
     6112.75        84.01
     6117.76        84.00
     6122.76        84.02
     6127.76        84.01
     6132.77        84.00
     6137.77        84.01
     6142.77        84.00
     6147.78        83.95
     6152.78        83.95
     6157.78        83.98
     6162.79        84.01
     6167.79        83.99
     6172.79        84.00
     6177.80        84.00
     6182.80        83.96
     6187.80        83.97
     6192.80        83.96
     6197.81        83.97
     6202.81        83.97
     6207.81        84.01
     6212.82        84.01
     6217.82        83.99
     6222.82        83.95
     6227.83        83.93
     6232.83        83.96
     6237.83        83.96
     6242.84        83.90
     6247.84        83.89
     6252.84        83.92
     6257.85        83.97
     6262.85        83.97
     6267.85        83.94
     6272.85        83.95
     6277.86        83.95
     6282.86        83.98
     6287.86        83.97
     6292.87        83.98
     6297.87        83.94
     6302.87        83.94
     6307.88        83.89
     6312.88        83.89
     6317.88        83.87
     6322.89        83.91
     6327.89        83.86
     6332.89        83.96
     6337.90        83.90
     6342.90        83.89
     6347.90        83.90
     6352.90        83.93
     6357.91        83.94
     6362.91        83.88
     6367.91        83.87
     6372.92        83.91
     6377.92        83.90
     6382.92        83.89
     6387.93        83.85
     6392.93        83.88
     6397.93        83.85
     6402.94        83.87
     6407.94        83.82
     6412.94        83.83
     6417.95        83.85
     6422.95        83.87
     6427.95        83.91
     6432.95        83.86
     6437.96        83.84
     6442.96        83.87
     6447.96        83.86
     6452.97        83.85
     6457.97        83.83
     6462.97        83.83
     6467.98        83.85
     6472.98        83.76
     6477.98        83.81
     6482.99        83.84
     6487.99        83.86
     6492.99        83.81
     6498.00        83.79
     6503.00        83.84
     6508.00        83.85
     6513.00        83.80
     6518.01        83.77
     6523.01        83.82
     6528.01        83.85
     6533.02        83.86
     6538.02        83.83
     6543.02        83.79
     6548.03        83.83
     6553.03        83.84
     6558.03        83.84
     6563.04        83.82
     6568.04        83.84
     6573.04        83.82
     6578.04        83.76
     6583.05        83.80
     6588.05        83.78
     6593.05        83.79
     6598.06        83.80
     6603.06        83.78
     6608.06        83.77
     6613.07        83.82
     6618.07        83.81
     6623.07        83.80
     6628.08        83.78
     6633.08        83.77
     6638.08        83.79
     6643.09        83.79
     6648.09        83.76
     6653.09        83.75
     6658.09        83.75
     6663.10        83.76
     6668.10        83.75
     6673.10        83.74
     6678.11        83.74
     6683.11        83.72
     6688.11        83.74
     6693.12        83.75
     6698.12        83.75
     6703.12        83.73
     6708.13        83.74
     6713.13        83.72
     6718.13        83.72
     6723.14        83.72
     6728.14        83.73
     6733.14        83.73
     6738.14        83.72
     6743.15        83.69
     6748.15        83.71
     6753.15        83.70
     6758.16        83.68
     6763.16        83.70
     6768.16        83.71
     6773.17        83.69
     6778.17        83.71
     6783.17        83.71
     6788.18        83.70
     6793.18        83.68
     6798.18        83.67
     6803.19        83.69
     6808.19        83.71
     6813.19        83.69
     6818.19        83.62
     6823.20        83.66
     6828.20        83.68
     6833.20        83.66
     6838.21        83.66
     6843.21        83.60
     6848.21        83.65
     6853.22        83.66
     6858.22        83.67
     6863.22        83.68
     6868.23        83.68
     6873.23        83.64
     6878.23        83.66
     6883.23        83.65
     6888.24        83.66
     6893.24        83.65
     6898.24        83.63
     6903.25        83.64
     6908.25        83.61
     6913.25        83.59
     6918.26        83.66
     6923.26        83.60
     6928.26        83.63
     6933.27        83.63
     6938.27        83.62
     6943.27        83.63
     6948.28        83.63
     6953.28        83.55
     6958.28        83.63
     6963.28        83.60
     6968.29        83.62
     6973.29        83.64
     6978.29        83.64
     6983.30        83.63
     6988.30        83.64
     6993.30        83.63
     6998.31        83.63
     7003.31        83.61
     7008.31        83.60
     7013.32        83.63
     7018.32        83.62
     7023.32        83.62
     7028.33        83.62
     7033.33        83.61
     7038.33        83.60
     7043.33        83.61
     7048.34        83.59
     7053.34        83.56
     7058.34        83.59
     7063.35        83.60
     7068.35        83.58
     7073.35        83.58
     7078.36        83.59
     7083.36        83.56
     7088.36        83.58
     7093.37        83.59
     7098.37        83.60
     7103.37        83.54
     7108.37        83.55
     7113.38        83.55
     7118.38        83.49
     7123.38        83.55
     7128.39        83.58
     7133.39        83.60
     7138.39        83.56
     7143.40        83.55
     7148.40        83.55
     7153.40        83.55
     7158.41        83.58
     7163.41        83.56
     7168.41        83.56
     7173.42        83.57
     7178.42        83.54
     7183.42        83.53
     7188.42        83.55
     7193.43        83.52
     7198.43        83.52
     7203.43        83.52
     7208.44        83.52
     7213.44        83.53
     7218.44        83.51
     7223.45        83.50
     7228.45        83.50
     7233.45        83.51
     7238.46        83.49
     7243.46        83.48
     7248.46        83.47
     7253.46        83.47
     7258.47        83.47
     7263.47        83.45
     7268.47        83.46
     7273.48        83.44
     7278.48        83.46
     7283.48        83.48
     7288.49        83.42
     7293.49        83.47
     7298.49        83.46
     7303.50        83.38
     7308.50        83.42
     7313.50        83.44
     7318.51        83.45
     7323.51        83.44
     7328.51        83.44
     7333.51        83.44
     7338.52        83.43
     7343.52        83.40
     7344.03        83.40
     7349.03        83.41
     7354.04        83.45
     7359.04        83.45
     7364.04        83.44
     7369.05        83.44
     7374.05        83.45
     7379.05        83.40
     7384.05        83.40
     7389.06        83.44
     7394.06        83.41
     7399.06        83.42
     7404.07        83.42
     7409.07        83.43
     7414.07        83.43
     7419.08        83.42
     7424.08        83.44
     7429.08        83.43
     7434.09        83.42
     7439.09        83.44
     7444.09        83.41
     7449.10        83.41
     7454.10        83.42
     7459.10        83.42
     7464.10        83.41
     7469.11        83.40
     7474.11        83.39
     7479.11        83.42
     7484.12        83.39
     7489.12        83.40
     7494.12        83.38
     7499.13        83.35
     7504.13        83.36
     7509.13        83.37
     7514.14        83.37
     7519.14        83.38
     7524.14        83.36
     7529.14        83.36
     7534.15        83.38
     7539.15        83.37
     7544.15        83.35
     7549.16        83.34
     7554.16        83.33
     7559.16        83.33
     7564.17        83.30
     7569.17        83.33
     7574.17        83.33
     7579.18        83.34
     7584.18        83.32
     7589.18        83.30
     7594.19        83.29
     7599.19        83.33
     7604.19        83.32
     7609.19        83.27
     7614.20        83.30
     7619.20        83.26
     7624.20        83.28
     7629.21        83.27
     7634.21        83.23
     7639.21        83.28
     7644.22        83.25
     7649.22        83.27
     7654.22        83.26
     7659.23        83.29
     7664.23        83.29
     7669.23        83.28
     7674.23        83.27
     7679.24        83.29
     7684.24        83.31
     7689.24        83.29
     7694.25        83.28
     7699.25        83.26
     7704.25        83.30
     7709.26        83.29
     7714.26        83.28
     7719.26        83.28
     7724.27        83.26
     7729.27        83.25
     7734.27        83.25
     7739.28        83.26
     7744.28        83.25
     7749.28        83.24
     7754.28        83.26
     7759.29        83.27
     7764.29        83.25
     7769.29        83.23
     7774.30        83.23
     7779.30        83.22
     7784.30        83.22
     7789.31        83.23
     7794.31        83.24
     7799.31        83.21
     7804.32        83.21
     7809.32        83.21
     7814.32        83.20
     7819.32        83.20
     7824.33        83.18
     7829.33        83.22
     7834.33        83.20
     7839.34        83.19
     7844.34        83.18
     7849.34        83.18
     7854.35        83.18
     7859.35        83.16
     7864.35        83.16
     7869.36        83.17
     7874.36        83.17
     7879.36        83.15
     7884.36        83.13
     7889.37        83.16
     7894.37        83.15
     7899.37        83.16
     7904.38        83.15
     7909.38        83.13
     7914.38        83.12
     7919.39        83.15
     7924.39        83.14
     7929.39        83.12
     7934.40        83.12
     7939.40        83.14
     7944.40        83.13
     7949.41        83.15
     7954.41        83.14
     7959.41        83.12
     7964.41        83.13
     7969.42        83.12
     7974.42        83.10
     7979.42        83.12
     7984.43        83.11
     7989.43        83.11
     7994.43        83.12
     7999.44        83.11
     8004.44        83.12
     8009.44        83.12
     8014.45        83.13
     8019.45        83.13
     8024.45        83.09
     8029.45        83.07
     8034.46        83.08
     8039.46        83.10
     8044.46        83.12
     8049.47        83.11
     8054.47        83.11
     8059.47        83.08
     8064.48        83.07
     8069.48        83.07
     8074.48        83.07
     8079.49        83.08
     8084.49        83.06
     8089.49        83.07
     8094.49        83.04
     8099.50        83.06
     8104.50        83.07
     8109.50        83.06
     8114.51        83.04
     8119.51        83.06
     8124.51        83.05
     8129.52        83.05
     8134.52        83.04
     8139.52        83.05
     8144.53        83.05
     8149.53        83.06
     8154.53        83.04
     8159.54        83.05
     8164.54        83.03
     8169.54        83.03
     8174.54        83.04
     8179.55        83.06
     8184.55        83.04
     8189.55        83.01
     8194.56        83.03
     8199.56        82.99
     8204.56        82.97
     8209.57        82.98
     8214.57        82.98
     8219.57        82.99
     8224.58        83.00
     8229.58        82.96
     8234.58        82.97
     8239.58        82.99
     8244.59        82.97
     8249.59        82.97
     8254.59        82.96
     8259.60        82.98
     8264.60        82.99
     8269.60        82.98
     8274.61        82.96
     8279.61        82.95
     8284.61        82.93
     8289.62        82.96
     8294.62        82.98
     8299.62        82.94
     8304.62        82.96
     8309.63        82.95
     8314.63        82.93
     8319.63        82.92
     8324.64        82.92
     8329.64        82.93
     8334.64        82.93
     8339.65        82.90
     8344.65        82.96
     8349.65        82.94
     8354.66        82.94
     8359.66        82.94
     8364.66        82.94
     8369.67        82.93
     8374.67        82.94
     8379.67        82.95
     8384.67        82.94
     8389.68        82.95
     8394.68        82.96
     8399.68        82.92
     8404.69        82.93
     8409.69        82.91
     8414.69        82.90
     8419.70        82.90
     8424.70        82.90
     8429.70        82.91
     8434.71        82.93
     8439.71        82.94
     8444.71        82.92
     8449.71        82.93
     8454.72        82.93
     8459.72        82.93
     8464.72        82.94
     8469.73        82.93
     8474.73        82.91
     8479.73        82.91
     8484.74        82.92
     8489.74        82.91
     8494.74        82.90
     8499.75        82.89
     8504.75        82.89
     8509.75        82.89
     8514.75        82.89
     8519.76        82.88
     8524.76        82.88
     8529.76        82.86
     8534.77        82.86
     8539.77        82.86
     8544.77        82.86
     8549.78        82.85
     8554.78        82.86
     8559.78        82.85
     8564.79        82.86
     8569.79        82.84
     8574.79        82.84
     8579.79        82.83
     8584.80        82.84
     8589.80        82.84
     8594.80        82.87
     8599.81        82.85
     8602.39        82.85
     8607.39        82.82
     8612.39        82.82
     8617.40        82.81
     8622.40        82.82
     8627.40        82.80
     8632.41        82.82
     8637.41        82.80
     8642.41        82.80
     8647.41        82.84
     8652.42        82.84
     8657.42        82.84
     8662.42        82.82
     8667.43        82.79
     8672.43        82.79
     8677.43        82.80
     8682.44        82.80
     8687.44        82.83
     8692.44        82.81
     8697.45        82.81
     8702.45        82.80
     8707.45        82.78
     8712.45        82.78
     8717.46        82.79
     8722.46        82.79
     8727.46        82.81
     8732.47        82.80
     8737.47        82.76
     8742.47        82.75
     8747.48        82.74
     8752.48        82.74
     8757.48        82.77
     8762.49        82.77
     8767.49        82.76
     8772.49        82.74
     8777.50        82.73
     8782.50        82.73
     8787.50        82.72
     8792.50        82.71
     8797.51        82.69
     8802.51        82.70
     8807.51        82.71
     8812.52        82.71
     8817.52        82.69
     8822.52        82.68
     8827.53        82.67
     8832.53        82.66
     8837.53        82.66
     8842.54        82.65
     8847.54        82.64
     8852.54        82.64
     8857.54        82.64
     8862.55        82.62
     8867.55        82.63
     8872.55        82.61
     8877.56        82.62
     8882.56        82.62
     8887.56        82.61
     8892.57        82.61
     8897.57        82.61
     8902.57        82.57
     8907.58        82.56
     8912.58        82.55
     8917.58        82.56
     8922.58        82.58
     8927.59        82.55
     8932.59        82.56
     8937.59        82.53
     8942.60        82.55
     8947.60        82.54
     8952.60        82.54
     8957.61        82.55
     8962.61        82.54
     8967.61        82.54
     8972.62        82.50
     8977.62        82.49
     8982.62        82.51
     8987.62        82.51
     8992.63        82.51
     8997.63        82.52
     9002.63        82.51
     9007.64        82.48
     9012.64        82.47
     9017.64        82.47
     9022.65        82.47
     9027.65        82.47
     9032.65        82.49
     9037.66        82.49
     9042.66        82.45
     9047.66        82.46
     9052.66        82.46
     9057.67        82.45
     9062.67        82.46
     9067.67        82.46
     9072.68        82.44
     9077.68        82.46
     9082.68        82.44
     9087.69        82.43
     9092.69        82.41
     9097.69        82.45
     9102.70        82.40
     9107.70        82.44
     9112.70        82.42
     9117.70        82.40
     9122.71        82.39
     9127.71        82.39
     9132.71        82.42
     9137.72        82.41
     9142.72        82.41
     9147.72        82.38
     9152.73        82.37
     9157.73        82.38
     9162.73        82.39
     9167.74        82.39
     9172.74        82.38
     9177.74        82.40
     9182.74        82.39
     9187.75        82.37
     9192.75        82.35
     9197.75        82.33
     9202.76        82.35
     9207.76        82.33
     9212.76        82.36
     9217.77        82.38
     9222.77        82.34
     9227.77        82.34
     9232.78        82.33
     9237.78        82.34
     9242.78        82.32
     9247.78        82.33
     9252.79        82.36
     9257.79        82.31
     9262.79        82.30
     9267.80        82.33
     9272.80        82.31
     9277.80        82.29
     9282.81        82.32
     9287.81        82.30
     9292.81        82.30
     9297.82        82.30
     9302.82        82.31
     9307.82        82.29
     9312.82        82.29
     9317.83        82.31
     9322.83        82.31
     9327.83        82.30
     9332.84        82.31
     9337.84        82.30
     9342.84        82.28
     9347.85        82.28
     9352.85        82.29
     9357.85        82.27
     9362.86        82.28
     9367.86        82.29
     9372.86        82.27
     9377.86        82.30
     9382.87        82.31
     9387.87        82.32
     9392.87        82.28
     9397.88        82.28
     9402.88        82.25
     9407.88        82.26
     9412.89        82.30
     9417.89        82.32
     9422.89        82.32
     9427.90        82.29
     9432.90        82.30
     9437.90        82.27
     9442.90        82.29
     9447.91        82.30
     9452.91        82.31
     9457.91        82.30
     9462.92        82.28
     9467.92        82.28
     9472.92        82.29
     9477.93        82.30
     9482.93        82.29
     9487.93        82.31
     9492.94        82.32
     9497.94        82.27
     9502.94        82.27
     9507.94        82.26
     9512.95        82.26
     9517.95        82.26
     9522.95        82.28
     9527.96        82.32
     9532.96        82.25
     9537.96        82.25
     9542.97        82.23
     9547.97        82.26
     9552.97        82.29
     9557.98        82.24
     9562.98        82.27
     9567.98        82.25
     9572.98        82.24
     9577.99        82.22
     9582.99        82.23
     9587.99        82.25
     9593.00        82.25
     9598.00        82.25
     9603.00        82.26
     9608.01        82.24
     9613.01        82.24
     9618.01        82.22
     9623.02        82.23
     9628.02        82.21
     9633.02        82.24
     9638.02        82.24
     9643.03        82.22
     9648.03        82.21
     9653.03        82.20
     9658.04        82.20
     9663.04        82.19
     9668.04        82.20
     9673.05        82.22
     9678.05        82.20
     9683.05        82.20
     9688.05        82.19
     9693.06        82.18
     9698.06        82.19
     9703.06        82.20
     9708.07        82.18
     9713.07        82.17
     9718.07        82.19
     9723.08        82.20
     9728.08        82.18
     9733.08        82.15
     9738.09        82.16
     9743.09        82.18
     9748.09        82.18
     9753.09        82.17
     9758.10        82.15
     9763.10        82.14
     9768.10        82.16
     9773.11        82.15
     9778.11        82.16
     9783.11        82.16
     9788.12        82.15
     9793.12        82.14
     9798.12        82.15
     9803.13        82.14
     9808.13        82.14
     9813.13        82.15
     9818.13        82.14
     9823.14        82.17
     9828.14        82.15
     9833.14        82.15
     9838.15        82.15
     9843.15        82.16
     9848.15        82.19
     9853.16        82.18
     9858.16        82.16
     9863.16        82.14
     9868.17        82.18
     9873.17        82.19
     9878.17        82.15
     9883.17        82.19
     9888.18        82.18
     9893.18        82.20
     9898.18        82.18
     9903.19        82.20
     9908.19        82.21
     9913.19        82.20
     9918.20        82.20
     9923.20        82.21
     9928.20        82.19
     9933.21        82.18
     9938.21        82.19
     9943.21        82.20
     9948.21        82.22
     9953.22        82.19
     9958.22        82.20
     9963.22        82.20
     9968.23        82.17
     9973.23        82.20
     9978.23        82.18
     9983.24        82.19
     9988.24        82.18
     9993.24        82.18
     9998.25        82.18
    10003.25        82.17
    10008.25        82.19
    10013.25        82.19
    10018.26        82.19
    10023.26        82.17
    10028.26        82.17
    10033.27        82.16
    10038.27        82.19
    10043.27        82.17
    10048.28        82.16
    10053.28        82.17
    10058.28        82.18
    10063.29        82.19
    10068.29        82.19
    10073.29        82.18
    10078.29        82.16
    10083.30        82.17
    10088.30        82.16
    10093.30        82.15
    10098.31        82.18
    10103.31        82.17
    10108.31        82.15
    10113.32        82.15
    10118.32        82.17
    10123.32        82.17
    10128.32        82.16
    10133.33        82.15
    10138.33        82.14
    10143.33        82.13
    10148.34        82.13
    10149.10        82.13
    10154.10        82.12
    10159.11        82.12
    10164.11        82.11
    10169.11        82.11
    10174.11        82.13
    10179.12        82.14
    10184.12        82.12
    10189.12        82.13
    10194.13        82.17
    10199.13        82.13
    10204.13        82.13
    10209.14        82.14
    10214.14        82.16
    10219.14        82.10
    10224.15        82.11
    10229.15        82.13
    10234.15        82.11
    10239.15        82.10
    10244.16        82.11
    10249.16        82.12
    10254.16        82.11
    10259.17        82.09
    10264.17        82.10
    10269.17        82.10
    10274.18        82.08
    10279.18        82.09
    10284.18        82.06
    10289.19        82.07
    10294.19        82.07
    10299.19        82.06
    10304.19        82.05
    10309.20        82.04
    10314.20        82.03
    10319.20        82.03
    10324.21        82.03
    10329.21        82.01
    10334.21        82.01
    10339.22        82.01
    10344.22        82.00
    10349.22        81.98
    10354.23        81.97
    10359.23        81.97
    10364.23        81.96
    10369.23        81.97
    10374.24        81.97
    10379.24        81.94
    10384.24        81.93
    10389.25        81.93
    10394.25        81.94
    10399.25        81.92
    10404.26        81.91
    10409.26        81.90
    10414.26        81.89
    10419.26        81.90
    10424.27        81.87
    10429.27        81.87
    10434.27        81.86
    10439.28        81.83
    10444.28        81.81
    10449.28        81.84
    10454.29        81.82
    10459.29        81.81
    10464.29        81.81
    10469.30        81.80
    10474.30        81.78
    10479.30        81.79
    10484.30        81.80
    10489.31        81.78
    10494.31        81.75
    10499.31        81.74
    10504.32        81.75
    10509.32        81.74
    10514.32        81.74
    10519.33        81.73
    10524.33        81.71
    10529.33        81.71
    10534.34        81.70
    10539.34        81.69
    10544.34        81.70
    10549.34        81.69
    10554.35        81.67
    10559.35        81.64
    10564.35        81.65
    10569.36        81.65
    10574.36        81.65
    10579.36        81.66
    10584.37        81.62
    10589.37        81.63
    10594.37        81.65
    10599.37        81.61
    10604.38        81.60
    10609.38        81.61
    10614.38        81.61
    10619.39        81.61
    10624.39        81.59
    10629.39        81.61
    10634.40        81.60
    10639.40        81.60
    10644.40        81.59
    10649.41        81.61
    10654.41        81.61
    10659.41        81.59
    10664.41        81.59
    10669.42        81.59
    10674.42        81.60
    10679.42        81.57
    10684.43        81.58
    10689.43        81.62
    10694.43        81.62
    10699.44        81.61
    10704.44        81.59
    10709.44        81.60
    10714.45        81.63
    10719.45        81.63
    10724.45        81.67
    10729.45        81.63
    10734.46        81.61
    10739.46        81.62
    10744.46        81.63
    10749.47        81.64
    10754.47        81.68
    10759.47        81.68
    10764.48        81.65
    10769.48        81.66
    10774.48        81.65
    10779.48        81.68
    10784.49        81.67
    10789.49        81.68
    10794.49        81.70
    10799.50        81.69
    10804.50        81.70
    10809.50        81.68
    10814.51        81.68
    10819.51        81.68
    10824.51        81.71
    10829.52        81.72
    10834.52        81.71
    10839.52        81.72
    10844.52        81.71
    10849.53        81.71
    10854.53        81.69
    10859.53        81.71
    10864.54        81.68
    10869.54        81.72
    10874.54        81.73
    10879.55        81.72
    10884.55        81.72
    10889.55        81.72
    10894.56        81.70
    10899.56        81.73
    10904.56        81.74
    10909.56        81.71
    10914.57        81.72
    10919.57        81.74
    10924.57        81.72
    10929.58        81.72
    10934.58        81.73
    10939.58        81.74
    10944.59        81.73
    10949.59        81.72
    10954.59        81.75
    10959.59        81.74
    10964.60        81.74
    10969.60        81.73
    10974.60        81.71
    10979.61        81.71
    10984.61        81.74
    10989.61        81.77
    10994.62        81.76
    10999.62        81.73
    11004.62        81.74
    11009.63        81.73
    11014.63        81.73
    11019.63        81.73
    11024.63        81.73
    11029.64        81.77
    11034.64        81.76
    11039.64        81.75
    11044.65        81.74
    11049.65        81.74
    11054.65        81.74
    11059.66        81.74
    11064.66        81.77
    11069.66        81.75
    11074.66        81.74
    11079.67        81.75
    11084.67        81.78
    11089.67        81.75
    11094.68        81.74
    11099.68        81.76
    11104.68        81.78
    11109.69        81.77
    11114.69        81.78
    11119.69        81.75
    11124.70        81.75
    11129.70        81.74
    11134.70        81.78
    11139.70        81.76
    11144.71        81.77
    11149.71        81.76
    11154.71        81.76
    11159.72        81.76
    11164.72        81.77
    11169.72        81.76
    11174.73        81.77
    11179.73        81.77
    11184.73        81.76
    11189.74        81.76
    11194.74        81.76
    11199.74        81.76
    11204.74        81.77
    11209.75        81.76
    11214.75        81.77
    11219.75        81.77
    11224.76        81.74
    11229.76        81.75
    11234.76        81.75
    11239.77        81.74
    11244.77        81.77
    11249.77        81.75
    11254.77        81.73
    11259.78        81.72
    11264.78        81.74
    11269.78        81.76
    11274.79        81.76
    11279.79        81.74
    11284.79        81.74
    11289.80        81.72
    11294.80        81.73
    11299.80        81.72
    11304.81        81.72
    11309.81        81.72
    11314.81        81.70
    11319.81        81.70
    11324.82        81.71
    11329.82        81.70
    11334.82        81.71
    11339.83        81.72
    11344.83        81.72
    11349.83        81.66
    11354.84        81.65
    11359.84        81.67
    11364.84        81.67
    11369.84        81.66
    11374.85        81.67
    11379.85        81.65
    11384.85        81.67
    11389.86        81.67
    11394.86        81.66
    11399.86        81.64
    11404.87        81.64
    11409.87        81.63
    11414.87        81.63
    11419.88        81.64
    11424.88        81.65
    11429.88        81.64
    11434.88        81.61
    11439.89        81.60
    11444.89        81.61
    11449.89        81.60
    11454.90        81.61
    11459.90        81.63
    11464.90        81.62
    11469.91        81.62
    11474.91        81.60
    11479.91        81.61
    11484.91        81.57
    11489.92        81.59
    11494.92        81.60
    11499.92        81.59
    11504.93        81.60
    11509.93        81.61
    11514.93        81.57
    11519.94        81.57
    11524.94        81.57
    11529.94        81.60
    11534.95        81.59
    11539.95        81.59
    11544.95        81.58
    11549.95        81.58
    11554.96        81.60
    11559.96        81.59
    11564.96        81.59
    11569.97        81.59
    11574.97        81.60
    11579.97        81.58
    11584.98        81.56
    11589.98        81.58
    11594.98        81.61
    11599.98        81.55
    11604.99        81.57
    11609.99        81.58
    11614.99        81.57
    11620.00        81.57
    11625.00        81.54
    11630.00        81.56
    11635.01        81.57
    11640.01        81.57
    11645.01        81.56
    11650.02        81.55
    11655.02        81.55
    11660.02        81.55
    11665.02        81.57
    11670.03        81.54
    11675.03        81.55
    11680.03        81.55
    11685.04        81.53
    11690.04        81.54
    11695.04        81.54
    11700.05        81.52
    11705.05        81.53
    11710.05        81.53
    11715.05        81.53
    11720.06        81.54
    11725.06        81.53
    11730.06        81.52
    11735.07        81.52
    11740.07        81.50
    11745.07        81.50
    11750.08        81.52
    11755.08        81.49
    11760.08        81.48
    11765.08        81.53
    11770.09        81.52
    11775.09        81.50
    11780.09        81.47
    11785.10        81.51
    11790.10        81.46
    11795.10        81.48
    11800.11        81.53
    11805.11        81.48
    11810.11        81.47
    11815.12        81.47
    11820.12        81.48
    11825.12        81.48
    11830.12        81.48
    11835.13        81.47
    11840.13        81.47
    11845.13        81.50
    11850.14        81.48
    11855.14        81.47
    11860.14        81.47
    11865.15        81.49
    11870.15        81.48
    11875.15        81.46
    11880.15        81.46
    11885.16        81.48
    11890.16        81.45
    11895.16        81.45
    11900.17        81.49
    11905.17        81.46
    11910.17        81.44
    11915.18        81.45
    11920.18        81.44
    11925.18        81.46
    11930.19        81.47
    11935.19        81.44
    11940.19        81.44
    11945.19        81.43
    11950.20        81.43
    11955.20        81.41
    11960.20        81.44
    11965.21        81.44
    11970.21        81.42
    11975.21        81.42
    11980.22        81.42
    11985.22        81.42
    11990.22        81.42
    11995.22        81.42
    12000.23        81.43
    12005.23        81.41
    12010.23        81.41
    12014.84        81.40
    12019.85        81.39
    12024.85        81.39
    12029.85        81.38
    12034.86        81.38
    12039.86        81.42
    12044.86        81.41
    12049.87        81.40
    12054.87        81.41
    12059.87        81.41
    12064.88        81.40
    12069.88        81.44
    12074.88        81.40
    12079.88        81.40
    12084.89        81.41
    12089.89        81.42
    12094.89        81.39
    12099.90        81.40
    12104.90        81.41
    12109.90        81.41
    12114.91        81.40
    12119.91        81.40
    12124.91        81.40
    12129.91        81.40
    12134.92        81.38
    12139.92        81.38
    12144.92        81.38
    12149.93        81.39
    12154.93        81.39
    12159.93        81.36
    12164.94        81.36
    12169.94        81.34
    12174.94        81.33
    12179.94        81.32
    12184.95        81.36
    12189.95        81.34
    12194.95        81.33
    12199.96        81.33
    12204.96        81.28
    12209.96        81.27
    12214.97        81.30
    12219.97        81.29
    12224.97        81.32
    12229.98        81.30
    12234.98        81.28
    12239.98        81.32
    12244.98        81.30
    12249.99        81.32
    12254.99        81.32
    12259.99        81.33
    12265.00        81.33
    12270.00        81.31
    12275.00        81.32
    12280.01        81.29
    12285.01        81.27
    12290.01        81.22
    12295.01        81.19
    12300.02        81.20
    12305.02        81.15
    12310.02        81.13
    12315.03        81.09
    12320.03        81.05
    12325.03        81.05
    12330.04        81.03
    12335.04        81.00
    12340.04        81.02
    12345.05        81.02
    12350.05        81.02
    12355.05        81.05
    12360.05        81.05
    12365.06        81.06
    12370.06        81.06
    12375.06        81.09
    12380.07        81.08
    12385.07        81.08
    12390.07        81.07
    12395.08        81.05
    12400.08        81.04
    12405.08        81.02
    12410.08        80.94
    12415.09        80.92
    12420.09        80.89
    12425.09        80.88
    12430.10        80.83
    12435.10        80.81
    12440.10        80.79
    12445.11        80.78
    12450.11        80.76
    12455.11        80.74
    12460.11        80.75
    12465.12        80.74
    12470.12        80.72
    12475.12        80.70
    12480.13        80.74
    12485.13        80.70
    12490.13        80.67
    12495.14        80.63
    12500.14        80.61
    12505.14        80.58
    12510.14        80.59
    12515.15        80.61
    12520.15        80.56
    12525.15        80.59
    12530.16        80.62
    12535.16        80.64
    12540.16        80.66
    12545.17        80.67
    12550.17        80.70
    12555.17        80.70
    12560.18        80.69
    12565.18        80.70
    12570.18        80.69
    12575.18        80.67
    12580.19        80.65
    12585.19        80.69
    12590.19        80.75
    12595.20        80.78
    12600.20        80.79
    12605.20        80.79
    12610.21        80.77
    12615.21        80.73
    12620.21        80.72
    12625.21        80.63
    12630.22        80.24
    12635.22        80.55
    12640.22        80.72
    12645.23        80.79
    12650.23        80.88
    12655.23        80.93
    12660.24        80.96
    12665.24        80.99
    12670.24        81.06
    12675.24        81.05
    12680.25        81.08
    12685.25        81.08
    12690.25        81.11
    12695.26        81.10
    12700.26        81.13
    12705.26        81.13
    12710.27        81.14
    12715.27        81.14
    12720.27        81.14
    12725.28        81.18
    12730.28        81.16
    12735.28        81.16
    12740.28        81.18
    12745.29        81.19
    12750.29        81.22
    12755.29        81.21
    12760.30        81.24
    12765.30        81.25
    12770.30        81.29
    12775.31        81.28
    12780.31        81.30
    12785.31        81.30
    12790.31        81.30
    12795.32        81.32
    12800.32        81.34
    12805.32        81.34
    12810.33        81.35
    12815.33        81.36
    12820.33        81.34
    12825.34        81.35
    12830.34        81.34
    12835.34        81.34
    12840.34        81.36
    12845.35        81.32
    12850.35        81.33
    12855.35        81.34
    12860.36        81.33
    12865.36        81.32
    12870.36        81.32
    12875.37        81.30
    12880.37        81.31
    12885.37        81.30
    12890.37        81.27
    12895.38        81.28
    12900.38        81.29
    12905.38        81.26
    12910.39        81.29
    12915.39        81.26
    12920.39        81.27
    12925.40        81.27
    12930.40        81.26
    12935.40        81.28
    12940.41        81.29
    12945.41        81.29
    12950.41        81.28
    12955.41        81.27
    12960.42        81.29
    12965.42        81.29
    12970.42        81.30
    12975.43        81.33
    12980.43        81.32
    12985.43        81.32
    12990.44        81.33
    12995.44        81.34
    13000.44        81.32
    13005.44        81.32
    13010.45        81.32
    13015.45        81.33
    13020.45        81.36
    13025.46        81.35
    13030.46        81.35
    13035.46        81.36
    13040.47        81.33
    13045.47        81.36
    13050.47        81.33
    13055.47        81.31
    13060.48        81.31
    13065.48        81.28
    13070.48        81.25
    13075.49        81.25
    13080.49        81.29
    13085.49        81.27
    13090.50        81.26
    13095.50        81.22
    13100.50        81.26
    13105.50        81.27
    13110.51        81.31
    13115.51        81.28
    13120.51        81.30
    13125.52        81.27
    13130.52        81.28
    13135.52        81.27
    13140.53        81.27
    13145.53        81.28
    13150.53        81.27
    13155.53        81.33
    13160.54        81.27
    13165.54        81.24
    13170.54        81.30
    13175.55        81.28
    13180.55        81.30
    13185.55        81.28
    13190.56        81.26
    13195.56        81.29
    13200.56        81.29
    13205.57        81.27
    13210.57        81.26
    13215.57        81.27
    13220.57        81.27
    13225.58        81.27
    13230.58        81.24
    13235.58        81.24
    13240.59        81.22
    13245.59        81.25
    13250.59        81.24
    13255.60        81.22
    13260.60        81.19
    13265.60        81.18
    13270.60        81.18
    13275.61        81.18
    13280.61        81.15
    13285.61        81.13
    13290.62        81.14
    13295.62        81.12
    13300.62        81.11
    13305.63        81.08
    13310.63        81.07
    13315.63        81.05
    13320.63        81.04
    13325.64        81.00
    13330.64        80.98
    13335.64        80.96
    13340.65        80.96
    13345.65        80.96
    13350.65        80.94
    13355.66        80.92
    13360.66        80.87
    13365.66        80.87
    13370.66        80.88
    13375.67        80.86
    13380.67        80.84
    13385.67        80.83
    13390.68        80.82
    13395.68        80.80
    13400.68        80.80
    13405.69        80.78
    13410.69        80.77
    13415.69        80.75
    13420.69        80.75
    13425.70        80.78
    13430.70        80.73
    13435.70        80.74
    13440.71        80.74
    13445.71        80.70
    13450.71        80.71
    13455.72        80.71
    13460.72        80.70
    13465.72        80.73
    13470.72        80.73
    13475.73        80.71
    13480.73        80.71
    13485.73        80.70
    13490.74        80.69
    13495.74        80.71
    13500.74        80.70
    13505.75        80.69
    13510.75        80.70
    13515.75        80.69
    13520.75        80.70
    13525.76        80.66
    13530.76        80.71
    13535.76        80.67
    13540.77        80.68
    13545.77        80.68
    13550.77        80.67
    13555.78        80.66
    13560.78        80.69
    13565.78        80.66
    13570.79        80.68
    13575.79        80.69
    13580.79        80.67
    13585.79        80.69
    13590.80        80.71
    13595.80        80.71
    13600.80        80.71
    13605.81        80.70
    13610.81        80.69
    13615.81        80.69
    13620.82        80.71
    13625.82        80.70
    13630.82        80.73
    13635.82        80.72
    13640.83        80.70
    13645.83        80.72
    13650.83        80.71
    13655.84        80.70
    13660.84        80.73
    13665.84        80.72
    13670.85        80.73
    13675.85        80.73
    13680.85        80.72
    13685.85        80.72
    13690.86        80.71
    13695.86        80.73
    13700.86        80.76
    13705.87        80.73
    13710.87        80.73
    13715.87        80.73
    13720.88        80.74
    13725.88        80.75
    13730.88        80.72
    13735.88        80.74
    13740.89        80.76
    13745.89        80.74
    13750.89        80.75
    13755.90        80.77
    13760.90        80.73
    13765.90        80.75
    13770.91        80.76
    13775.91        80.76
    13780.91        80.76
    13785.91        80.75
    13790.92        80.75
    13795.92        80.75
    13800.92        80.78
    13805.93        80.76
    13810.93        80.76
    13815.93        80.77
    13820.94        80.75
    13825.94        80.74
    13830.94        80.75
    13835.94        80.74
    13840.95        80.73
    13845.95        80.75
    13850.95        80.75
    13855.96        80.72
    13860.96        80.72
    13865.96        80.71
    13870.97        80.71
    13875.97        80.69
    13880.97        80.71
    13885.97        80.64
    13890.98        80.64
    13895.98        80.62
    13900.98        80.62
    13905.99        80.58
    13910.99        80.55
    13915.99        80.55
    13921.00        80.54
    13926.00        80.51
    13931.00        80.47
    13936.00        80.44
    13941.01        80.42
    13946.01        80.40
    13951.01        80.35
    13956.02        80.35
    13961.02        80.29
    13966.02        80.27
    13971.03        80.26
    13976.03        80.23
    13981.03        80.20
    13986.03        80.19
    13991.04        80.18
    13996.04        80.17
    14001.04        80.20
    14006.05        80.20
    14011.05        80.15
    14016.05        80.17
    14021.06        80.19
    14026.06        80.19
    14031.06        80.20
    14036.06        80.19
    14039.28        80.16
    14044.29        80.17
    14049.29        80.14
    14054.29        80.14
    14059.30        80.14
    14064.30        80.13
    14069.30        80.14
    14074.31        80.13
    14079.31        80.11
    14084.31        80.04
    14089.31        79.99
    14094.32        79.89
    14099.32        80.20
    14104.32        80.34
    14109.33        79.36
    14114.33        79.43
    14119.33        79.42
    14124.34        79.37
    14129.34        79.27
    14134.34        80.17
    14139.34        79.59
    14144.35        78.79
    14149.35        79.22
    14154.35        79.20
    14159.36        81.39
    14164.36        79.84
    14169.36        78.91
    14174.37        79.31
    14179.37        79.47
    14184.37        81.05
    14189.37        81.62
    14194.38        81.45
    14199.38        80.92
    14204.38        79.82
    14209.39        79.38
    14214.39        79.52
    14219.39        79.64
    14224.40        80.16
    14229.40        80.94
    14234.40        81.17
    14239.40        80.84
    14244.41        80.88
    14249.41        81.00
    14254.41        81.13
    14259.42        80.57
    14264.42        81.39
    14269.42        81.29
    14274.43        80.93
    14279.43        80.94
    14284.43        81.38
    14289.43        81.49
    14294.44        81.65
    14299.44        81.73
    14304.44        79.40
    14309.45        79.42
    14314.45        79.51
    14319.45        79.59
    14324.46        79.62
    14329.46        79.57
    14334.46        79.56
    14339.46        79.53
    14344.47        79.47
    14349.47        79.98
    14354.47        80.10
    14359.48        81.30
    14364.48        81.58
    14369.48        81.46
    14374.49        80.89
    14379.49        80.84
    14384.49        81.14
    14389.49        81.63
    14394.50        81.26
    14399.50        80.97
    14404.50        81.28
    14409.51        80.50
    14414.51        79.86
    14419.51        80.15
    14424.52        80.52
    14429.52        80.90
    14434.52        79.56
    14439.52        79.21
    14444.53        81.15
    14449.53        81.72
    14454.53        81.63
    14459.54        82.01
    14464.54        81.91
    14469.54        81.18
    14474.55        80.97
    14479.55        80.85
    14484.55        80.24
    14489.55        80.41
    14494.56        79.92
    14499.56        80.93
    14504.56        81.10
    14509.57        80.63
    14514.57        80.43
    14519.57        80.91
    14524.58        80.70
    14529.58        80.10
    14534.58        79.84
    14539.58        79.14
    14544.59        79.31
    14549.59        79.22
    14554.59        79.12
    14559.60        78.95
    14564.60        78.83
    14569.60        78.98
    14574.61        78.88
    14579.61        80.14
    14584.61        79.71
    14589.61        79.64
    14594.62        78.89
    14599.62        78.65
    14604.62        78.42
    14609.63        78.87
    14614.63        79.47
    14619.63        79.51
    14624.64        79.53
    14629.64        79.56
    14634.64        79.57
    14639.64        79.64
    14644.65        79.65
    14649.65        79.64
    14654.65        79.64
    14659.66        79.67
    14664.66        79.71
    14669.66        79.70
    14674.67        79.72
    14679.67        79.71
    14684.67        79.72
    14689.67        79.74
    14694.68        79.73
    14699.68        79.72
    14704.68        79.74
    14709.69        79.72
    14714.69        79.71
    14719.69        79.73
    14724.70        79.70
    14729.70        79.68
    14734.70        79.70
    14739.70        79.69
    14744.71        79.69
    14749.71        79.71
    14754.71        79.69
    14759.72        79.68
    14764.72        79.70
    14769.72        79.68
    14774.73        79.66
    14779.73        79.64
    14784.73        79.63
    14789.73        79.64
    14794.74        79.64
    14799.74        79.65
    14804.74        79.63
    14809.75        79.64
    14814.75        79.64
    14819.75        79.62
    14824.76        79.61
    14829.76        79.60
    14834.76        79.58
    14839.76        79.56
    14844.77        79.59
    14849.77        79.59
    14854.77        79.57
    14859.78        79.59
    14864.78        79.58
    14869.78        79.57
    14874.79        79.56
    14879.79        79.55
    14884.79        79.54
    14889.79        79.55
    14894.80        79.56
    14899.80        79.52
    14904.80        79.51
    14909.81        79.53
    14914.81        79.53
    14919.81        79.52
    14924.82        79.55
    14929.82        79.53
    14934.82        79.53
    14939.82        79.52
    14944.83        79.51
    14949.83        79.49
    14954.83        79.49
    14959.84        79.51
    14964.84        79.51
    14969.84        79.49
    14974.85        79.50
    14979.85        79.51
    14984.85        79.48
    14989.85        79.46
    14994.86        79.49
    14999.86        79.49
    15004.86        79.48
    15009.87        79.50
    15014.87        79.47
    15019.87        79.48
    15024.88        79.47
    15029.88        79.45
    15034.88        79.43
    15039.88        79.48
    15044.89        79.48
    15049.89        79.47
    15054.89        79.46
    15059.90        79.44
    15064.90        79.43
    15069.90        79.44
    15074.90        79.46
    15079.91        79.46
    15084.91        79.44
    15089.91        79.43
    15094.92        79.42
    15099.92        79.42
    15104.92        79.42
    15109.93        79.46
    15114.93        79.44
    15119.93        79.42
    15124.93        79.44
    15129.94        79.42
    15134.94        79.41
    15139.94        79.42
    15144.95        79.41
    15149.95        79.40
    15154.95        79.40
    15159.96        79.41
    15164.96        79.43
    15169.96        79.41
    15174.96        79.42
    15179.97        79.42
    15184.97        79.38
    15189.97        79.37
    15194.98        79.40
    15199.98        79.39
    15204.98        79.42
    15209.99        79.39
    15214.99        79.37
    15219.99        79.38
    15224.99        79.40
    15230.00        79.38
    15235.00        79.36
    15240.00        79.37
    15245.01        79.39
    15250.01        79.38
    15255.01        79.37
    15260.02        79.36
    15265.02        79.37
    15270.02        79.37
    15275.02        79.38
    15280.03        79.36
    15285.03        79.36
    15290.03        79.37
    15295.04        79.37
    15300.04        79.33
    15305.04        79.36
    15310.05        79.38
    15315.05        79.38
    15320.05        79.35
    15325.05        79.37
    15330.06        79.36
    15335.06        79.34
    15340.06        79.34
    15345.07        79.38
    15350.07        79.37
    15355.07        79.38
    15360.08        79.35
    15365.08        79.34
    15370.08        79.34
    15375.08        79.34
    15380.09        79.37
    15385.09        79.38
    15390.09        79.35
    15395.10        79.35
    15400.10        79.36
    15405.10        79.35
    15410.11        79.37
    15415.11        79.36
    15420.11        79.35
    15425.11        79.35
    15430.12        79.34
    15435.12        79.38
    15440.12        79.37
    15445.13        79.37
    15450.13        79.38
    15455.13        79.36
    15460.13        79.36
    15465.14        79.36
    15470.14        79.35
    15475.14        79.37
    15480.15        79.39
    15485.15        79.39
    15490.15        79.38
    15495.16        79.34
    15500.16        79.38
    15505.16        79.38
    15510.16        79.38
    15515.17        79.39
    15520.17        79.40
    15525.17        79.37
    15530.18        79.38
    15535.18        79.39
    15540.18        79.38
    15545.19        79.40
    15550.19        79.41
    15555.19        79.41
    15560.19        79.39
    15565.20        79.39
    15570.20        79.40
    15575.20        79.40
    15580.21        79.40
    15585.21        79.41
    15590.21        79.41
    15595.22        79.41
    15600.22        79.41
    15605.22        79.37
    15610.22        79.38
    15615.23        79.42
    15620.23        79.40
    15625.23        79.42
    15630.24        79.40
    15635.24        79.40
    15640.24        79.40
    15645.25        79.40
    15650.25        79.40
    15655.25        79.39
    15660.25        79.39
    15665.26        79.39
    15670.26        79.40
    15675.26        79.41
    15680.27        79.38
    15685.27        79.39
    15690.27        79.40
    15695.27        79.41
    15700.28        79.39
    15705.28        79.39
    15710.28        79.39
    15715.29        79.37
    15720.29        79.38
    15725.29        79.39
    15730.30        79.40
    15735.30        79.39
    15740.30        79.39
    15745.30        79.37
    15750.31        79.36
    15755.31        79.37
    15760.31        79.37
    15765.32        79.37
    15770.32        79.37
    15775.32        79.37
    15776.31        79.37
    15781.31        79.36
    15786.32        79.35
    15791.32        79.35
    15796.32        79.36
    15801.33        79.37
    15806.33        79.35
    15811.33        79.35
    15816.34        79.33
    15821.34        79.35
    15826.34        79.32
    15831.34        79.33
    15836.35        79.34
    15841.35        79.34
    15846.35        79.34
    15851.36        79.31
    15856.36        79.32
    15861.36        79.33
    15866.36        79.32
    15871.37        79.30
    15876.37        79.31
    15881.37        79.33
    15886.38        79.30
    15891.38        79.31
    15896.38        79.31
    15901.39        79.29
    15906.39        79.27
    15911.39        79.29
    15916.39        79.30
    15921.40        79.29
    15926.40        79.30
    15931.40        79.29
    15936.41        79.31
    15941.41        79.29
    15946.41        79.27
    15951.42        79.27
    15956.42        79.26
    15961.42        79.29
    15966.42        79.28
    15971.43        79.26
    15976.43        79.27
    15981.43        79.23
    15986.44        79.24
    15991.44        79.27
    15996.44        79.25
    16001.45        79.25
    16006.45        79.25
    16011.45        79.26
    16016.45        79.22
    16021.46        79.25
    16026.46        79.27
    16031.46        79.23
    16036.47        79.25
    16041.47        79.25
    16046.47        79.23
    16051.47        79.23
    16056.48        79.23
    16061.48        79.22
    16066.48        79.24
    16071.49        79.22
    16076.49        79.22
    16081.49        79.24
    16086.50        79.24
    16091.50        79.23
    16096.50        79.22
    16101.50        79.21
    16106.51        79.20
    16111.51        79.20
    16116.51        79.21
    16121.52        79.23
    16126.52        79.21
    16131.52        79.19
    16136.53        79.20
    16141.53        79.19
    16146.53        79.22
    16151.53        79.21
    16156.54        79.20
    16161.54        79.21
    16166.54        79.20
    16171.55        79.19
    16176.55        79.20
    16181.55        79.20
    16186.56        79.19
    16191.56        79.18
    16196.56        79.18
    16201.56        79.17
    16206.57        79.17
    16211.57        79.19
    16216.57        79.17
    16221.58        79.19
    16226.58        79.15
    16231.58        79.14
    16236.58        79.14
    16241.59        79.15
    16246.59        79.17
    16251.59        79.14
    16256.60        79.13
    16261.60        79.13
    16266.60        79.11
    16271.61        79.12
    16276.61        79.14
    16281.61        79.16
    16286.61        79.12
    16291.62        79.11
    16296.62        79.13
    16301.62        79.12
    16306.63        79.11
    16311.63        79.10
    16316.63        79.09
    16321.64        79.10
    16326.64        79.11
    16331.64        79.09
    16336.64        79.09
    16341.65        79.09
    16346.65        79.10
    16351.65        79.08
    16356.66        79.07
    16361.66        79.08
    16366.66        79.08
    16371.67        79.08
    16376.67        79.08
    16381.67        79.06
    16386.67        79.05
    16391.68        79.04
    16396.68        79.07
    16401.68        79.07
    16406.69        79.05
    16411.69        79.05
    16416.69        79.04
    16421.69        79.02
    16426.70        79.03
    16431.70        79.03
    16436.70        79.04
    16441.71        79.03
    16446.71        79.05
    16451.71        79.01
    16456.72        79.01
    16461.72        79.01
    16466.72        79.02
    16471.72        79.04
    16476.73        79.02
    16481.73        78.99
    16486.73        78.98
    16491.74        78.98
    16496.74        78.99
    16501.74        79.00
    16506.75        78.99
    16511.75        78.99
    16516.75        78.98
    16521.75        78.99
    16526.76        78.96
    16531.76        78.96
    16536.76        78.97
    16541.77        78.97
    16546.77        78.97
    16551.77        78.96
    16556.77        78.97
    16561.78        78.95
    16566.78        78.94
    16571.78        78.96
    16576.79        78.93
    16581.79        78.93
    16586.79        78.96
    16591.80        78.96
    16596.80        78.93
    16601.80        78.94
    16606.80        78.93
    16611.81        78.92
    16616.81        78.92
    16621.81        78.92
    16626.82        78.91
    16631.82        78.92
    16636.82        78.92
    16641.83        78.90
    16646.83        78.90
    16651.83        78.91
    16656.83        78.89
    16661.84        78.90
    16666.84        78.91
    16671.84        78.88
    16676.85        78.88
    16681.85        78.89
    16686.85        78.86
    16690.78        78.87
    16695.79        78.86
    16700.79        78.88
    16705.79        78.85
    16710.80        78.86
    16715.80        78.85
    16720.80        78.84
    16725.81        78.85
    16730.81        78.84
    16735.81        78.85
    16740.81        78.84
    16745.82        78.84
    16750.82        78.87
    16755.82        78.85
    16760.83        78.84
    16765.83        78.82
    16770.83        78.83
    16775.83        78.80
    16780.84        78.80
    16785.84        78.83
    16790.84        78.83
    16795.85        78.82
    16800.85        78.80
    16805.85        78.80
    16810.86        78.81
    16815.86        78.82
    16820.86        78.81
    16825.86        78.79
    16830.87        78.78
    16835.87        78.79
    16840.87        78.83
    16845.88        78.81
    16850.88        78.78
    16855.88        78.79
    16860.89        78.79
    16865.89        78.77
    16870.89        78.78
    16875.89        78.80
    16880.90        78.78
    16885.90        78.78
    16890.90        78.79
    16895.91        78.76
    16900.91        78.76
    16903.36        78.78
    16908.36        78.76
    16913.36        78.76
    16918.36        78.79
    16923.37        78.75
    16928.37        78.76
    16933.37        78.76
    16938.38        78.74
    16943.38        78.75
    16948.38        78.77
    16953.39        78.73
    16958.39        78.75
    16963.39        78.77
    16968.39        78.78
    16973.40        78.74
    16978.40        78.74
    16983.40        78.73
    16988.41        78.75
    16993.41        78.76
    16998.41        78.73
    17003.42        78.73
    17008.42        78.76
    17013.42        78.72
    17018.42        78.72
    17023.43        78.73
    17028.43        78.73
    17033.43        78.73
    17038.44        78.74
    17043.44        78.73
    17048.44        78.71
    17053.44        78.72
    17058.45        78.72
    17063.45        78.72
    17068.45        78.70
    17073.46        78.73
    17078.46        78.73
    17083.46        78.73
    17088.47        78.72
    17093.47        78.72
    17098.47        78.71
